398
9
72 40 25 84 32 89 96 48 29
9
72 40 25 84 50 32 89 96 29
9
72 40 25 84 32 89 96 48 29
9
72 40 25 84 32 89 96 48 29
9
72 40 25 84 32 89 96 48 29
9
72 40 25 84 32 89 96 48 29
9
72 40 25 84 32 89 96 48 29
9
72 40 25 84 32 89 96 48 29
9
72 40 25 84 32 89 96 48 29
9
72 40 25 84 32 89 96 48 29
9
40 25 84 73 32 89 96 48 29
9
72 40 25 84 32 89 96 48 29
9
72 40 25 84 32 89 96 48 29
9
72 40 25 84 32 89 96 48 29
9
72 40 25 84 32 89 96 48 29
9
72 40 25 84 32 89 96 48 29
9
72 40 25 84 32 89 96 48 29
9
72 40 25 84 32 89 96 48 29
9
72 40 25 84 32 89 96 48 29
9
72 40 25 84 32 89 96 48 29
9
72 40 25 84 32 89 96 48 29
9
72 40 25 84 32 89 96 48 29
9
72 40 25 84 32 89 96 48 29
9
72 40 25 84 32 89 96 48 29
9
72 40 25 84 32 89 96 48 29
9
72 40 25 84 32 89 96 48 29
9
72 40 25 84 32 89 96 48 29
9
72 40 25 84 32 89 96 48 29
9
72 40 25 84 32 89 96 48 29
9
72 40 25 84 32 89 96 48 29
9
72 40 25 84 32 89 96 48 29
9
72 40 25 84 32 89 96 48 29
9
72 40 25 84 32 89 96 48 29
9
72 40 25 84 32 89 96 48 29
9
72 40 25 84 32 89 96 48 29
9
72 40 25 84 32 89 96 48 29
9
72 40 25 84 32 89 96 48 29
9
72 40 25 84 32 89 96 48 29
9
72 40 25 84 32 89 96 48 29
9
72 40 25 84 32 89 96 48 29
9
72 40 25 84 32 89 96 48 29
9
72 40 25 84 32 89 96 48 29
9
72 40 25 84 32 89 96 48 29
9
72 40 25 84 32 89 96 48 29
9
72 40 25 84 32 89 96 48 29
9
72 40 25 84 50 32 89 96 29
9
72 40 25 84 32 89 96 48 29
9
72 40 25 84 32 89 96 48 29
9
72 40 25 84 32 89 96 48 29
9
72 40 25 84 32 89 96 48 29
9
72 40 25 84 32 89 96 48 29
9
72 40 25 84 32 89 96 48 29
9
72 40 25 84 32 89 96 48 29
9
72 40 25 84 50 32 89 96 29
9
72 40 25 84 32 89 96 48 29
9
72 40 25 84 32 89 96 48 29
9
72 40 25 84 32 89 96 48 29
9
72 40 25 84 32 89 96 48 29
9
72 40 25 84 32 89 96 48 29
9
72 40 25 84 32 89 96 48 29
9
72 40 25 84 32 89 96 48 29
9
72 40 25 84 53 50 32 7 96
9
72 40 25 84 53 50 32 7 96
9
72 40 25 84 53 50 32 7 96
9
72 40 25 84 53 32 7 96 48
9
72 40 25 84 53 32 7 96 48
9
40 25 84 53 73 32 7 96 48
9
72 40 25 84 53 32 7 96 48
9
72 40 25 84 53 32 7 96 48
9
72 40 25 84 53 32 7 96 48
9
72 40 25 84 53 32 7 96 48
9
72 40 25 84 53 32 7 96 48
9
72 40 25 84 53 32 7 96 48
9
72 40 25 84 53 32 7 96 48
9
72 40 25 84 53 32 7 96 48
9
72 40 25 84 53 32 7 96 48
9
72 40 25 84 53 32 7 96 48
9
72 40 25 84 53 50 32 7 96
9
72 40 25 84 53 32 7 96 48
9
72 40 25 84 53 32 7 96 48
9
72 40 25 84 53 32 7 96 48
9
72 40 25 84 53 32 7 96 48
9
72 40 25 84 53 32 7 96 48
9
40 25 84 53 73 32 7 96 48
9
72 40 25 84 53 32 7 96 48
9
72 40 25 84 53 50 32 7 96
9
72 40 25 84 53 32 7 96 48
9
72 40 25 84 53 32 7 96 48
9
72 40 25 84 53 32 7 96 48
8
40 25 84 53 32 7 96 48
9
72 40 25 84 53 32 7 96 48
9
72 40 25 84 53 32 7 96 48
9
72 40 25 84 53 32 7 96 48
9
72 40 25 84 53 32 7 96 48
9
72 40 25 84 53 32 7 96 48
9
72 40 25 84 53 32 7 96 48
9
40 25 84 53 73 32 50 7 96
9
72 40 25 84 53 32 7 96 48
9
72 40 25 84 53 32 7 96 48
9
72 40 25 84 53 32 7 96 48
9
72 40 25 84 53 32 7 96 48
9
72 40 25 84 53 32 7 96 48
9
72 40 25 84 53 32 7 96 48
9
72 40 25 84 53 32 7 96 48
9
72 40 25 84 53 32 7 96 48
9
72 40 25 84 53 32 7 96 48
9
72 40 25 84 53 32 7 96 48
9
72 40 25 84 53 32 7 96 48
9
72 40 25 84 53 32 7 96 48
9
72 40 25 84 53 32 7 96 48
9
72 40 25 84 53 32 7 96 48
9
72 40 25 84 53 32 7 96 48
9
72 40 25 84 53 32 7 96 48
9
72 40 25 84 53 50 32 7 96
9
72 40 25 84 53 50 32 7 96
9
72 40 25 84 53 32 7 96 48
9
72 40 25 84 53 32 7 96 48
9
72 40 25 84 53 32 7 96 48
9
72 40 25 84 53 32 7 96 48
9
72 40 25 84 53 32 7 96 48
9
72 40 25 84 53 32 7 96 48
10
97 90 38 84 53 11 91 24 48 33
9
97 90 38 84 53 11 24 48 33
9
97 90 38 84 53 11 24 48 33
9
97 90 38 84 53 11 24 48 33
9
97 90 38 84 53 11 50 24 33
9
97 90 38 84 53 11 50 24 33
9
97 90 38 84 53 11 50 24 33
9
97 90 38 84 53 11 50 24 33
9
97 90 38 84 11 50 24 33 29
9
97 90 38 84 11 50 24 33 29
9
97 90 38 84 11 50 24 33 29
9
97 90 38 84 11 24 48 33 29
9
97 90 38 84 11 24 48 33 29
9
97 90 38 84 11 24 48 33 29
9
97 90 38 84 11 24 48 33 29
9
97 90 38 84 11 24 48 33 29
9
62 47 71 63 20 81 35 41 23
9
46 79 81 52 1 0 22 86 23
10
47 71 5 34 80 19 31 37 22 86
10
71 20 81 31 0 26 22 86 65 64
10
16 71 79 5 80 73 19 0 86 23
11
47 71 79 5 15 68 70 86 23 28 36
10
47 46 5 81 69 15 31 86 23 66
10
46 79 20 81 1 17 0 8 22 86
10
47 46 14 5 15 94 2 23 28 86
7
4 16 69 0 86 93 66
10
59 46 79 5 12 15 41 86 23 61
9
47 46 20 5 55 22 86 57 77
11
47 46 5 81 34 76 95 15 1 86 23
10
47 46 79 5 80 15 19 86 23 99
9
47 79 5 80 15 75 86 23 18
9
47 79 5 76 78 8 22 86 36
10
47 46 79 10 20 5 31 22 86 23
10
47 46 79 20 87 37 22 86 23 36
10
4 47 46 79 5 42 15 44 86 23
11
56 47 71 5 80 15 58 19 17 86 27
9
56 47 71 34 52 58 86 27 30
10
56 47 71 58 95 17 26 22 86 9
12
62 47 46 63 79 5 34 12 68 70 86 23
9
47 79 14 81 15 12 75 86 23
10
47 46 81 76 15 1 31 8 86 23
11
47 46 79 20 5 52 15 68 70 86 23
10
98 46 79 15 94 0 86 23 28 99
8
31 17 0 8 75 22 86 9
9
59 47 79 10 40 15 75 86 61
10
47 46 5 94 68 70 13 22 86 23
9
47 71 79 87 78 22 86 23 28
11
56 47 46 5 52 58 15 26 86 23 93
11
47 46 79 14 5 81 15 68 70 86 23
10
47 71 20 78 31 17 26 22 86 77
9
98 10 15 94 31 0 75 86 23
11
71 5 87 76 52 15 51 0 86 27 28
9
71 79 20 81 1 0 8 22 86
10
4 47 46 5 42 15 44 86 23 99
10
47 98 46 14 95 12 15 31 86 23
9
47 46 95 15 78 31 86 23 77
10
47 71 80 19 37 86 44 17 2 45
9
47 79 15 32 17 75 86 99 45
10
79 20 5 15 0 75 8 86 27 28
10
4 47 71 42 15 37 44 86 99 45
9
62 74 63 87 34 49 85 32 31
7
4 16 47 42 37 44 86
9
47 16 46 20 5 17 86 77 9
10
47 46 34 69 15 95 8 86 23 66
10
47 71 5 80 15 19 17 86 28 99
10
47 46 5 87 80 17 22 86 27 93
9
46 10 5 80 15 19 0 86 23
9
79 81 15 1 0 8 86 23 9
9
46 79 23 15 68 70 86 27 28
10
47 20 5 81 76 68 70 22 86 36
9
59 46 79 20 15 94 86 61 9
11
47 46 79 81 23 52 15 26 86 27 93
9
47 71 79 10 5 58 26 22 86
8
4 16 47 79 42 37 17 86
10
56 46 5 58 15 37 0 26 86 23
10
71 20 87 15 37 0 86 93 28 36
10
71 79 52 15 12 68 70 0 86 23
10
47 46 79 15 12 68 70 86 23 36
8
71 79 5 81 80 15 19 86
8
4 47 5 42 15 44 86 27
10
4 98 42 15 12 94 0 75 86 23
10
47 46 79 5 23 15 26 86 27 93
9
47 79 20 5 15 78 37 86 77
9
47 71 80 15 19 17 43 2 86
10
46 79 20 52 15 1 0 8 86 23
11
47 71 79 14 34 12 15 68 70 17 86
11
47 98 46 76 95 15 1 31 8 86 23
10
47 46 79 69 23 15 26 86 27 66
9
56 46 80 58 31 17 2 27 86
9
46 79 5 95 15 1 17 8 86
11
46 79 5 34 37 0 22 86 23 93 28
7
47 5 15 86 18 77 9
9
47 46 15 68 37 70 86 23 99
10
47 71 5 95 15 1 31 8 86 23
9
47 46 79 5 25 15 1 8 86
10
47 5 34 80 15 19 37 75 86 23
10
47 5 42 15 37 44 26 75 86 23
10
47 71 10 5 34 52 15 94 2 86
11
47 71 5 34 80 15 19 17 13 2 86
9
47 71 19 55 35 22 86 57 18
9
47 46 5 15 95 12 94 86 23
10
59 47 46 15 94 86 23 61 28 36
9
47 71 81 87 52 17 86 18 30
9
4 47 46 5 15 86 23 28 99
10
59 47 46 5 12 94 15 86 23 61
9
56 47 71 23 15 58 86 27 28
9
46 5 80 15 19 0 43 86 23
8
46 15 37 0 86 23 93 51
10
47 46 5 81 34 15 31 8 86 23
10
47 46 79 5 87 80 15 19 86 23
10
62 16 46 79 63 81 52 1 86 23
9
47 46 14 57 12 15 86 54 23
10
47 16 46 79 5 81 52 44 86 23
9
47 46 79 5 69 15 86 93 66
10
47 71 79 5 34 15 12 94 86 23
8
79 14 52 12 0 22 86 28
11
98 79 5 23 52 15 0 75 86 27 28
10
4 47 46 42 36 8 22 86 99 45
11
46 79 5 34 69 23 15 86 27 28 66
10
47 46 79 81 52 15 86 27 93 28
9
62 79 63 34 15 0 75 86 51
11
46 5 81 34 69 0 26 22 86 93 66
10
47 98 71 14 5 87 12 15 95 86
10
46 34 40 76 15 1 0 8 86 23
11
47 79 5 81 23 15 35 26 75 86 27
10
4 47 71 5 80 15 37 44 86 23
10
47 79 20 76 15 78 75 2 23 86
9
56 46 87 23 15 58 86 27 28
10
71 79 5 81 23 15 86 27 28 36
10
47 5 80 15 37 44 17 75 86 45
9
21 6 74 81 49 85 60 61 30
9
56 46 23 52 15 58 86 27 36
9
71 79 20 52 0 8 22 2 86
11
47 16 46 5 52 1 37 35 26 86 23
11
59 47 46 81 23 52 15 26 86 27 61
9
56 16 46 58 17 0 86 27 93
8
4 47 80 15 44 86 99 45
8
16 79 5 52 35 86 27 93
10
47 46 79 5 95 15 1 8 86 23
7
67 69 82 31 92 0 86
7
67 87 69 82 92 0 86
9
67 69 82 78 31 92 86 60 61
7
67 69 82 31 92 0 86
8
67 69 82 31 92 0 86 36
8
34 82 31 92 55 2 57 86
7
67 69 82 31 92 86 36
9
72 34 82 31 92 0 86 60 61
10
62 6 63 69 85 50 83 78 30 66
9
21 39 85 83 36 0 60 61 30
10
6 74 3 34 85 73 50 65 64 9
9
21 3 69 39 85 50 83 13 66
10
6 65 81 85 50 83 55 57 64 30
10
65 3 39 85 50 83 55 57 64 36
9
21 39 69 49 85 83 13 30 66
10
62 63 87 69 39 85 50 83 30 66
10
21 74 87 39 49 85 26 57 30 54
10
62 59 63 39 85 50 83 78 61 30
10
39 34 85 73 50 83 65 64 18 30
9
21 39 85 50 83 2 60 61 30
9
21 39 69 85 73 50 83 30 66
11
62 59 6 72 63 76 85 50 83 41 61
8
21 6 74 85 50 60 61 30
10
39 85 50 83 35 60 65 64 61 30
10
39 34 85 73 50 83 65 64 18 30
9
21 39 69 85 50 83 18 30 66
9
21 39 85 50 83 55 57 18 30
9
21 59 6 85 95 50 83 61 30
9
21 6 49 85 83 35 60 61 30
9
21 87 39 49 85 83 57 30 54
9
21 39 85 83 0 60 61 18 30
10
62 63 39 69 85 50 83 2 30 66
9
21 39 49 85 73 83 55 41 57
9
21 3 69 39 85 50 83 13 66
9
21 3 69 39 85 50 83 13 66
9
21 39 69 49 85 83 18 30 66
9
21 6 69 85 50 83 18 30 66
10
62 63 39 69 49 85 83 13 30 66
9
21 74 67 39 69 49 85 13 30
9
21 39 85 50 83 55 57 18 30
9
39 85 73 50 83 65 64 18 30
10
65 3 87 39 85 50 83 55 57 64
10
65 87 39 85 50 83 55 57 64 30
9
59 39 49 85 83 65 64 61 30
9
21 39 85 57 50 83 54 18 30
10
3 69 39 85 50 83 13 65 64 66
9
21 59 39 49 85 83 8 61 30
9
21 74 10 3 39 49 85 73 18
9
21 39 49 85 83 55 57 18 30
9
10 3 39 85 50 83 13 65 64
10
65 39 85 50 83 36 55 57 64 30
9
21 6 3 85 50 83 43 13 27
9
21 87 39 49 85 83 57 30 54
9
21 39 69 34 85 83 0 30 66
9
21 39 69 85 95 50 83 30 66
10
62 6 63 76 85 50 83 78 2 30
9
21 3 39 49 85 83 60 61 9
9
39 85 50 83 43 65 64 18 30
9
21 74 39 85 52 50 41 60 61
10
62 6 63 3 85 50 83 13 57 54
9
21 3 39 49 85 83 55 13 57
9
21 39 85 73 50 83 43 2 30
10
65 39 85 83 55 0 57 64 18 30
9
21 39 49 57 85 83 36 54 30
9
39 85 73 50 83 65 64 18 30
9
21 3 39 85 73 50 83 43 18
10
62 59 63 39 85 50 83 61 9 30
9
62 6 74 72 63 40 85 50 32
10
62 6 74 63 49 85 36 55 57 30
10
21 6 74 3 49 85 55 26 13 57
9
21 67 3 69 39 85 15 83 0
9
21 74 87 39 85 50 55 57 30
9
62 74 63 39 25 85 0 2 30
9
6 74 3 87 49 85 13 65 64
9
6 74 49 85 73 65 64 18 30
9
21 6 74 69 49 85 95 30 66
10
6 74 69 49 85 2 65 64 30 66
10
62 6 74 63 69 49 85 13 28 66
9
21 6 74 87 49 85 41 57 54
9
21 6 74 3 85 50 55 43 57
9
21 6 74 3 69 49 85 13 66
9
21 6 74 49 85 2 60 61 30
10
6 74 3 69 49 85 2 65 64 66
10
6 74 72 65 49 85 55 57 64 30
10
62 74 63 39 85 52 50 41 60 61
10
62 6 74 63 85 52 50 41 60 61
9
21 6 74 49 85 73 43 18 30
10
6 74 72 65 49 85 55 57 64 30
10
21 6 74 3 49 85 55 26 57 18
9
21 74 39 85 73 50 55 57 30
10
6 74 87 49 85 36 2 65 64 30
10
6 74 87 85 50 60 65 64 61 30
10
62 6 74 63 3 69 85 95 50 66
9
21 6 74 3 49 85 73 43 18
10
74 39 69 85 51 50 65 64 30 66
10
6 74 65 85 36 55 0 57 64 30
10
62 6 74 63 87 69 85 50 30 66
9
21 6 74 3 49 85 55 57 36
10
56 6 74 85 58 50 26 65 64 30
8
21 6 74 69 85 50 30 66
10
62 63 39 85 83 0 8 60 61 30
9
21 6 74 69 49 85 13 30 66
9
21 74 39 69 49 85 95 41 66
10
6 74 49 85 36 65 64 18 51 30
10
62 74 63 81 39 34 49 85 35 41
10
98 74 6 14 49 85 12 65 64 30
10
6 74 87 49 85 60 65 64 61 30
10
6 74 3 69 85 95 50 65 64 66
9
21 6 74 3 49 85 73 43 13
10
6 3 87 85 50 83 13 65 64 36
10
6 74 69 49 85 51 65 64 30 66
9
21 6 74 3 85 15 50 13 2
9
62 74 63 39 49 85 95 43 30
10
6 74 65 3 49 85 2 57 64 54
9
21 6 74 81 49 85 60 61 30
10
6 74 65 87 85 50 57 64 30 54
10
6 74 65 3 49 85 55 13 57 64
9
21 6 49 85 83 96 60 61 30
10
62 6 74 72 63 69 49 85 30 66
9
21 74 3 39 49 85 73 13 36
9
21 74 3 39 49 85 55 13 57
10
6 65 85 83 55 0 2 57 64 30
10
6 74 65 3 85 50 55 13 57 64
10
62 6 74 63 69 85 95 0 30 66
9
6 74 3 85 0 13 65 64 18
8
72 49 85 88 78 91 41 33
9
72 34 85 88 50 78 91 41 33
8
72 85 88 78 91 0 41 33
8
72 85 88 78 91 0 41 33
8
72 49 85 88 78 91 41 33
8
72 49 85 88 78 91 41 33
8
72 49 85 88 78 91 41 33
8
72 49 85 88 78 91 41 33
8
72 49 85 88 78 91 41 33
8
72 85 88 50 78 91 41 33
8
72 49 85 88 78 91 41 33
8
72 85 88 78 91 0 41 33
8
72 85 88 78 91 0 41 33
