77
2
0 3
6
1 1 32 2 61 1
4
2 2 18 2
6
3 1 28 1 37 1
4
3 2 44 1
8
4 1 28 1 37 1 42 1
4
5 2 40 2
4
5 2 74 1
2
6 4
2
7 4
4
8 2 33 1
8
9 1 10 1 25 1 93 1
6
11 1 31 1 41 1
2
12 1
4
13 2 40 1
6
14 1 96 2 98 1
4
15 2 22 2
4
15 4 16 1
4
17 2 83 4
4
19 1 72 3
4
20 1 78 1
2
21 4
2
23 5
6
24 1 55 2 56 1
6
25 1 26 1 58 1
4
25 2 54 1
2
25 3
4
25 1 27 2
4
29 4 34 2
6
30 2 45 1 79 1
6
30 1 40 1 79 1
4
30 1 40 1
4
30 1 31 1
4
30 1 40 1
2
32 4
6
32 1 33 1 59 1
4
32 1 60 2
6
35 1 67 1 69 3
4
36 2 53 4
2
38 1
2
39 4
6
40 1 79 1 99 1
4
40 1 79 1
4
41 1 79 2
2
43 1
2
46 4
2
47 3
2
47 3
2
48 2
2
48 5
4
48 1 49 4
2
50 5
4
51 1 64 3
4
52 2 81 2
2
57 3
2
61 2
6
62 2 63 2 76 1
2
65 3
2
66 3
4
68 1 95 2
4
70 1 96 2
2
71 2
4
72 3 80 2
2
72 2
4
72 1 73 2
2
74 3
2
75 1
2
77 1
2
78 1
2
82 1
4
84 8 86 4
4
85 8 86 4
2
87 2
4
88 1 89 4
6
90 1 91 1 92 1
4
94 1 96 2
4
96 2 97 1
