394
9
52 74 32 30 0 17 27 45 46
9
66 50 23 79 35 81 64 13 18
9
71 50 23 35 81 60 61 15 18
9
71 50 35 81 60 38 61 89 15
9
66 37 79 81 38 64 49 73 15
9
50 23 37 79 68 81 13 73 51
6
53 37 28 76 4 89
9
80 53 70 50 37 28 4 89 18
9
80 53 70 37 48 28 4 89 18
9
80 53 70 37 48 28 4 89 18
9
80 53 70 37 48 28 4 89 18
9
80 53 70 37 48 28 4 89 18
9
80 53 70 37 48 28 4 89 18
9
80 53 70 37 48 28 4 89 18
9
80 53 70 50 37 28 4 89 18
9
80 53 70 37 48 28 4 89 18
9
80 53 70 37 48 28 4 89 18
9
80 53 70 37 48 28 4 89 18
9
80 53 70 37 48 28 4 89 18
9
80 53 70 37 48 28 4 89 18
9
80 53 70 37 48 28 4 89 18
9
80 53 70 37 48 28 4 89 18
9
80 53 70 37 48 28 4 89 18
9
80 53 83 50 37 28 4 89 18
9
80 53 70 37 48 28 4 89 18
9
80 53 70 23 48 28 4 89 18
9
80 53 70 37 48 28 4 89 18
9
80 53 70 37 48 28 4 89 18
9
80 53 70 37 48 28 4 89 18
9
80 53 70 37 48 28 4 89 18
9
80 53 70 37 48 28 4 89 18
9
80 53 70 37 48 28 4 89 18
9
80 53 70 37 48 28 4 89 18
9
80 53 70 50 37 28 4 89 18
9
80 53 70 37 48 28 4 89 18
9
80 53 70 37 48 28 4 89 18
9
80 53 70 37 48 28 4 89 18
9
80 53 70 37 48 28 4 89 18
9
80 53 70 37 48 28 4 89 18
9
80 53 70 37 48 28 4 89 18
9
80 53 70 37 48 28 4 89 18
9
80 53 83 37 48 28 4 89 18
9
80 53 70 37 48 28 4 89 18
9
80 53 70 50 37 28 4 89 18
9
80 53 70 37 48 28 4 89 18
9
80 53 70 37 48 28 4 89 18
9
80 53 70 37 48 28 4 89 18
9
80 53 70 37 48 28 4 89 18
10
80 53 70 56 37 28 4 89 54 48
9
80 53 70 37 48 28 4 89 18
9
80 53 70 37 48 28 4 89 18
9
80 53 70 37 48 28 4 89 18
9
80 53 70 37 48 28 4 89 18
9
80 53 70 37 48 28 4 89 18
9
80 53 70 37 48 28 4 89 18
9
80 53 70 37 48 28 4 89 18
9
80 53 70 37 48 28 4 89 18
9
80 53 70 37 48 28 4 89 18
9
80 53 70 37 48 28 4 89 18
9
80 53 70 37 48 28 4 89 18
9
80 53 70 37 48 28 4 89 18
9
80 53 70 37 48 28 4 89 18
9
80 53 70 37 48 28 4 89 18
9
80 53 70 37 48 28 4 89 18
9
80 53 70 37 48 28 4 89 18
9
80 53 70 37 48 28 4 89 18
9
80 53 70 50 37 28 4 89 18
9
80 53 70 37 48 28 4 89 18
9
80 53 70 37 48 28 4 89 18
9
80 70 37 48 28 84 89 22 18
9
80 70 37 48 28 84 89 22 18
9
80 70 37 48 28 84 89 22 18
9
80 70 50 37 28 84 89 22 18
9
80 70 37 48 28 84 89 22 18
9
80 70 37 48 28 84 89 22 18
9
80 70 37 48 28 84 89 22 18
9
80 70 37 48 28 84 89 22 18
9
80 70 37 48 28 84 89 22 18
9
80 70 37 48 28 84 89 22 18
9
80 70 37 48 28 84 89 22 18
9
80 70 37 48 28 84 89 22 18
9
80 70 37 48 28 84 89 22 18
9
80 70 37 48 28 84 89 22 18
9
80 70 37 48 28 84 89 22 18
9
80 70 37 48 28 84 89 22 18
9
80 70 37 48 28 84 89 22 18
9
80 70 37 48 28 84 89 22 18
9
80 70 37 48 28 84 89 22 18
9
80 70 37 48 28 84 89 22 18
9
80 70 37 48 28 84 89 22 18
9
80 70 37 48 28 84 89 22 18
9
80 70 37 48 28 84 89 22 18
9
80 70 50 37 28 84 89 22 18
9
80 70 37 48 28 84 89 22 18
9
80 70 37 48 28 84 89 22 18
9
80 70 37 48 28 84 89 22 18
9
80 70 50 37 28 84 89 22 18
9
80 70 37 48 28 84 89 22 18
9
80 70 37 48 28 84 89 22 18
9
80 70 37 48 28 84 89 22 18
9
80 70 37 48 28 84 89 22 18
9
80 70 37 48 28 84 89 22 18
9
80 70 37 48 28 84 89 22 18
8
80 37 48 28 84 89 22 18
9
80 70 37 48 28 84 89 22 18
9
80 70 37 48 28 84 89 22 18
9
80 70 37 48 28 84 89 22 18
9
80 70 37 48 28 84 89 22 18
9
80 70 37 48 28 84 89 22 18
9
80 70 50 37 28 84 89 22 18
9
80 70 37 48 28 84 89 22 18
9
80 70 37 48 28 84 89 22 18
9
80 70 37 48 28 84 89 22 18
9
80 70 37 48 28 84 89 22 18
9
80 70 37 48 28 84 89 22 18
9
80 70 37 48 28 84 89 22 18
9
80 70 37 48 28 84 89 22 18
9
80 70 37 48 28 84 89 22 18
9
80 70 37 48 28 84 89 22 18
9
80 70 37 48 28 84 89 22 18
9
80 70 37 48 28 84 89 22 18
9
80 70 37 48 28 84 89 22 18
9
80 70 37 48 28 84 89 22 18
9
80 70 50 37 28 84 89 22 18
9
80 70 50 37 28 84 89 22 18
9
80 70 37 48 28 84 89 22 18
9
80 70 37 48 28 84 89 22 18
10
80 70 56 37 28 84 89 22 54 48
9
80 70 50 37 28 84 89 22 18
9
80 70 37 48 28 84 89 22 18
9
80 70 37 48 28 84 89 22 18
9
34 80 53 29 8 90 85 17 48
9
34 80 53 29 8 90 85 17 48
9
34 80 53 29 8 90 85 17 48
9
34 80 53 29 8 90 85 17 48
9
34 80 53 29 50 8 90 85 17
9
34 80 53 29 50 8 90 85 17
9
34 80 53 29 50 8 90 85 17
9
34 80 29 50 8 90 85 17 22
9
34 80 29 50 8 90 85 17 22
9
34 80 29 8 90 85 17 22 48
9
34 80 29 8 90 85 17 22 48
9
34 80 29 8 90 85 17 22 48
9
34 80 29 8 90 85 17 22 48
9
16 30 25 36 40 45 3 91 42
10
14 71 74 32 30 75 36 40 3 41
9
32 25 36 40 45 67 3 91 41
9
24 32 69 30 45 12 67 10 88
10
52 66 74 32 1 64 36 45 91 41
10
52 63 32 23 75 76 40 45 3 44
10
14 74 32 78 25 36 26 40 45 41
10
14 32 20 30 68 36 40 45 67 51
9
16 30 36 40 12 45 3 41 88
9
83 32 77 78 36 26 12 31 44
9
74 32 78 36 40 45 3 91 42
9
14 32 70 75 36 40 67 51 41
10
14 32 30 25 36 40 45 31 67 41
10
5 32 6 78 75 36 26 45 31 67
10
66 32 59 58 25 64 36 45 41 44
9
14 32 23 75 40 45 67 3 51
8
32 1 76 40 45 3 7 44
9
14 16 30 36 65 40 67 41 10
10
32 9 87 25 36 21 45 67 31 51
9
66 50 23 79 35 81 64 13 39
10
14 32 68 75 36 40 31 3 51 44
10
52 14 16 32 1 36 45 91 51 44
9
14 78 25 36 40 45 3 91 44
10
14 83 32 77 36 40 45 31 91 44
9
14 2 44 78 36 40 12 7 88
10
32 44 36 40 12 31 3 45 91 88
10
14 43 32 68 25 36 67 91 41 44
10
20 87 25 36 21 40 45 31 3 44
10
16 32 30 77 78 76 26 67 31 47
10
14 32 44 36 76 40 12 45 51 88
10
2 74 32 20 87 25 36 21 45 41
10
32 9 57 25 36 21 45 55 41 44
9
74 36 76 40 45 67 91 42 44
9
43 16 32 6 25 45 3 42 44
10
14 83 32 77 36 40 45 31 67 47
9
32 87 33 57 25 36 45 55 42
10
71 32 25 36 26 40 45 67 91 41
9
32 69 36 40 45 31 67 10 88
10
71 2 83 32 30 25 36 40 45 44
10
14 74 32 30 6 25 36 41 47 39
10
14 2 74 32 36 40 12 31 45 88
9
14 74 32 69 68 36 65 40 45
10
14 74 32 9 30 36 21 40 45 3
9
52 14 32 36 65 40 45 3 44
10
2 74 32 30 36 40 45 91 10 88
10
14 2 74 32 75 36 40 45 31 41
9
14 16 9 78 36 21 67 3 41
9
14 30 75 38 36 40 67 3 88
8
32 78 36 76 40 3 7 44
10
52 14 74 32 75 36 76 40 67 3
9
14 32 36 76 40 12 45 10 44
9
14 74 32 1 75 38 76 45 46
10
14 32 36 40 12 31 45 67 10 88
8
24 83 6 75 36 45 46 47
10
24 32 33 3 57 36 45 67 55 44
9
74 32 87 77 33 36 21 45 3
10
14 32 20 9 68 25 76 21 40 44
10
74 32 9 87 25 36 40 45 31 3
10
32 77 25 36 45 91 51 41 47 44
10
71 74 32 68 25 36 45 67 51 41
10
32 41 25 36 45 67 31 3 91 42
9
2 32 87 38 25 21 45 31 44
9
14 32 41 33 25 76 40 45 42
10
74 32 41 9 25 36 40 45 31 42
9
14 24 2 32 1 36 76 45 67
9
14 71 24 32 68 75 45 67 51
9
14 32 36 45 40 31 67 91 41
9
52 14 32 1 36 40 45 67 3
10
14 32 25 36 40 45 31 3 7 44
9
52 14 32 30 1 36 76 40 44
9
14 32 38 36 40 45 31 67 10
9
14 32 75 38 36 40 31 91 44
10
32 9 25 36 21 40 45 31 41 44
10
52 16 32 30 1 36 40 26 45 67
10
14 74 32 69 30 36 76 45 10 88
9
14 74 32 77 36 40 91 51 47
9
52 14 74 32 23 78 45 31 3
10
66 5 74 32 68 64 36 45 3 91
9
83 59 44 77 58 25 36 42 39
9
14 32 36 45 40 12 67 7 41
10
14 33 75 60 76 40 61 67 3 51
9
14 24 74 32 78 75 3 7 46
10
14 71 32 30 78 36 76 26 67 42
9
66 79 35 81 38 64 49 3 15
10
14 32 9 30 33 75 40 67 3 51
10
32 77 36 40 45 3 91 51 47 44
10
32 30 68 25 36 45 67 3 91 51
10
14 83 32 77 36 40 45 31 47 44
10
32 87 33 25 36 21 31 3 51 44
9
52 14 32 23 30 1 36 76 67
9
14 2 16 78 75 36 40 45 44
9
14 32 36 40 12 45 3 91 88
9
14 24 16 74 77 36 76 67 47
11
2 32 20 9 30 36 21 40 45 67 51
9
14 74 32 30 65 45 40 41 10
9
14 24 6 75 78 36 45 31 44
10
14 74 9 30 36 21 40 45 31 51
9
14 32 30 75 36 40 45 67 3
9
74 9 30 25 40 45 67 46 44
9
14 16 32 41 25 45 40 67 42
9
16 32 36 65 45 51 41 10 88
11
14 32 20 30 75 25 36 40 45 31 44
10
66 50 81 60 38 64 61 73 31 15
10
71 74 32 41 25 45 91 46 42 44
10
74 32 57 3 65 36 45 31 55 51
9
14 24 74 32 77 33 36 45 47
10
32 57 3 33 25 36 21 55 51 44
9
52 32 78 36 76 40 45 7 44
9
14 32 36 45 12 3 41 10 44
10
52 14 74 32 30 1 36 40 45 51
10
14 74 32 9 25 36 21 40 45 31
10
14 83 74 32 76 40 91 46 42 44
9
14 74 75 25 76 45 40 67 41
10
14 16 32 75 36 76 40 45 67 51
10
14 83 32 87 25 36 40 67 31 3
10
14 74 32 41 36 40 67 91 51 42
8
32 77 33 36 45 91 47 44
9
14 32 69 44 36 65 40 45 88
10
74 20 30 77 33 36 40 45 3 47
10
71 24 32 46 0 78 27 45 31 51
9
24 32 82 30 0 78 27 46 51
10
24 32 82 30 0 78 45 46 51 44
9
24 74 32 59 0 58 45 46 51
10
86 70 50 59 19 58 81 38 76 72
8
24 32 82 0 78 45 46 51
10
24 32 30 0 65 45 31 7 51 44
10
52 32 30 0 6 78 45 46 51 44
9
24 19 0 33 27 26 45 31 67
9
71 50 23 79 35 68 81 13 39
9
66 50 23 79 35 81 64 13 31
9
50 23 59 79 58 81 26 13 73
9
23 59 79 58 81 45 13 73 39
9
50 23 56 79 35 81 21 54 15
9
71 50 23 79 35 68 81 13 39
10
66 50 23 79 35 81 64 26 13 31
10
50 59 58 81 60 38 76 61 73 15
9
11 5 23 59 79 58 35 81 13
10
23 59 79 58 35 81 27 13 31 46
9
71 23 79 68 81 49 13 73 39
9
11 23 39 79 35 81 49 51 15
10
5 63 62 50 23 59 58 35 81 13
9
71 50 23 39 79 35 68 81 15
10
66 23 81 60 64 73 45 61 13 31
9
11 71 50 23 79 35 81 13 39
9
71 63 62 50 23 35 81 13 39
10
66 50 23 69 81 60 64 73 61 13
10
83 50 23 81 60 73 61 13 3 31
9
50 23 59 30 79 35 58 81 13
9
50 23 56 79 35 81 21 54 15
10
66 50 23 69 81 60 64 73 61 13
10
50 59 58 81 60 38 76 61 73 15
10
70 79 81 60 38 76 73 61 13 49
10
66 50 23 69 81 60 64 73 61 13
9
50 59 79 58 35 81 38 27 13
10
63 62 50 23 56 35 81 78 13 54
10
63 62 50 23 35 81 6 78 31 15
9
11 71 50 23 79 35 81 13 39
9
11 71 50 23 79 35 81 13 39
9
5 50 23 59 79 58 35 81 13
9
66 50 23 69 79 35 81 64 13
9
50 23 56 79 35 81 13 31 54
10
66 50 82 23 81 60 64 73 61 13
10
70 50 59 30 79 58 81 38 13 73
9
66 23 79 81 64 45 13 73 3
9
66 50 23 79 35 81 6 64 13
10
66 50 23 35 81 60 64 61 31 15
9
71 23 79 35 68 81 13 46 39
9
11 50 23 39 79 35 81 31 15
9
50 23 56 79 35 81 13 54 39
9
5 50 23 59 79 58 35 81 15
10
66 63 62 50 23 69 81 64 13 73
9
50 23 56 69 79 35 81 13 54
9
50 82 23 56 79 35 81 54 15
9
50 23 59 69 79 35 58 81 13
9
71 23 79 35 68 81 49 76 13
9
70 50 23 56 79 35 81 13 54
9
66 50 23 79 35 81 64 13 31
10
23 59 58 81 60 73 49 26 61 13
9
5 50 59 79 58 35 81 38 13
9
71 50 23 35 81 60 61 13 39
9
70 23 56 79 35 81 49 54 15
9
82 23 56 79 81 49 73 54 15
10
5 23 59 58 35 81 60 49 61 15
9
71 23 39 79 68 81 49 73 15
10
63 62 82 23 56 81 49 13 73 54
9
66 23 69 79 81 49 64 73 15
10
11 50 23 30 81 60 73 61 13 39
10
71 63 62 23 56 81 49 73 54 15
9
11 71 23 39 79 81 49 73 15
10
71 23 35 68 81 60 49 61 31 15
10
23 56 81 33 60 49 61 73 54 15
9
11 23 81 60 61 73 15 46 39
10
66 82 23 81 60 64 73 49 61 13
10
71 63 62 23 56 81 49 73 54 15
10
82 23 87 81 60 73 49 61 13 31
9
11 63 62 23 81 49 73 15 39
9
50 23 56 79 35 81 33 54 15
10
5 63 62 59 58 35 81 38 49 13
10
23 59 30 58 81 60 49 61 73 15
9
23 56 79 81 49 76 73 54 15
10
66 50 23 30 35 81 60 64 61 15
9
66 23 79 81 49 64 13 73 39
9
71 23 39 79 35 68 81 49 15
10
66 23 69 35 81 60 64 45 61 15
10
5 63 62 23 59 58 81 49 73 15
9
71 23 79 68 81 49 13 73 39
10
66 23 69 35 81 60 64 45 61 15
10
63 62 23 56 68 81 49 73 54 15
10
11 23 81 60 73 49 61 13 51 39
9
5 23 59 79 58 35 81 49 15
10
11 63 62 23 81 6 49 73 31 15
9
71 23 35 68 81 60 61 15 39
10
56 81 60 38 21 49 61 73 54 15
9
71 23 39 79 35 68 81 49 15
9
71 23 81 60 49 61 73 15 39
10
82 23 56 81 60 49 61 73 54 15
9
82 23 79 68 81 49 13 73 39
10
5 23 59 58 81 60 49 61 73 15
10
66 23 30 35 81 60 64 49 61 15
10
70 23 59 58 81 60 49 61 73 15
10
63 62 23 56 81 49 26 13 73 54
9
23 59 39 79 58 81 49 73 15
10
66 50 23 69 35 81 60 64 61 15
10
63 62 82 23 56 81 49 73 54 15
10
71 66 23 81 60 64 49 61 73 15
10
66 70 50 23 35 81 60 64 61 15
10
83 63 62 23 56 81 49 73 54 15
9
71 23 35 81 60 49 13 61 3
9
23 59 58 81 60 73 49 61 13
10
5 63 62 23 59 58 35 81 49 15
10
11 66 50 23 35 81 60 64 61 13
10
66 23 81 60 64 49 61 73 31 15
9
83 23 56 79 35 81 49 54 15
9
5 59 79 58 81 38 49 13 73
9
66 23 79 81 49 64 13 73 3
10
5 23 59 58 81 60 73 49 61 13
10
5 23 59 58 81 60 49 61 73 15
9
71 23 81 60 49 61 73 15 39
10
82 23 56 81 60 49 61 73 54 15
9
23 59 39 79 58 81 49 73 15
10
86 70 50 19 81 78 38 27 76 72
10
86 70 50 19 81 6 78 38 31 72
10
86 70 19 81 6 38 27 76 49 72
10
86 70 50 59 19 58 81 78 38 72
10
86 70 19 59 58 81 38 76 72 46
10
86 70 50 59 19 58 81 38 76 72
10
86 70 19 59 58 81 38 27 76 72
10
86 70 50 19 81 6 78 38 31 72
10
86 70 50 19 81 6 38 76 31 72
10
86 70 19 59 58 81 38 76 72 46
