75
6
0 1 85 1 86 1
4
1 1 28 3
4
2 1 3 3
2
4 4
6
5 1 28 1 58 1
4
6 2 18 1
6
7 1 65 1 66 1
6
8 1 24 1 38 1
4
9 1 18 2
4
10 1 90 1
4
11 1 23 2
2
12 1
2
13 4
2
14 4
2
15 4
4
16 1 36 3
6
17 1 54 1 55 1
4
18 2 56 1
6
18 1 19 1 57 1
4
18 2 54 1
6
20 1 21 2 82 1
4
22 4 30 2
2
23 3
6
23 1 33 1 40 1
4
23 1 39 2
4
23 1 40 2
4
24 1 38 1
2
25 3
4
26 1 58 2
4
27 1 29 1
2
28 4
2
31 2
2
31 1
4
32 4 80 8
4
32 3 81 9
2
34 1
2
35 4
2
36 3
4
37 2 42 1
2
37 2
2
37 2
4
37 1 41 2
4
37 1 40 2
4
43 1 91 2
2
44 3
4
45 3 48 2
2
45 4
2
46 2
4
47 1 70 4
2
48 5
2
48 1
2
49 4
2
50 5
2
51 2
4
52 1 59 3
2
53 4
4
56 1 87 1
4
60 3 61 2
6
61 1 62 2 63 2
2
64 3
6
66 1 88 1 89 2
6
66 1 69 1 89 2
2
67 3
4
68 2 70 2
4
70 4 83 1
4
71 3 77 1
4
72 1 73 4
2
74 3
2
75 2
2
76 1
2
76 2
2
78 2
2
79 4
2
84 4
2
89 4
