388
10
36 90 26 72 82 16 43 29 6 86
10
36 90 26 72 47 82 16 43 6 86
10
36 90 26 72 47 82 16 43 6 86
10
35 26 90 72 47 82 16 43 6 86
10
36 90 26 72 47 82 16 43 6 86
10
36 90 26 72 47 82 16 43 6 86
10
36 90 26 72 47 82 16 43 6 86
10
36 44 90 26 72 47 82 16 6 86
10
36 90 26 72 47 82 16 43 6 86
10
36 90 26 72 47 82 16 43 6 86
10
36 90 26 72 47 82 16 43 6 86
10
36 90 26 72 47 82 16 43 6 86
10
36 90 26 72 47 82 16 43 6 86
10
36 90 26 72 47 82 16 43 6 86
10
36 90 26 72 47 82 16 43 6 86
10
36 90 26 72 47 82 16 43 6 86
10
36 90 26 72 47 82 16 43 6 86
10
36 90 26 72 47 82 16 43 6 86
10
36 90 26 72 47 82 16 43 6 86
10
36 90 26 72 47 82 16 43 6 86
10
36 90 26 72 47 82 16 43 6 86
10
35 26 90 72 47 82 16 43 6 86
10
36 90 26 72 47 82 16 43 6 86
10
36 90 26 72 47 82 16 43 6 86
10
35 26 90 72 47 82 16 43 6 86
10
36 90 26 72 47 82 16 43 6 86
10
36 44 90 26 72 47 82 16 6 86
10
36 90 26 72 47 82 16 43 6 86
10
36 90 26 72 47 82 16 43 6 86
10
36 90 26 72 47 82 16 43 6 86
10
35 26 90 72 47 82 16 43 6 86
10
35 26 90 72 47 82 16 43 6 86
10
36 90 26 72 47 82 16 43 6 86
10
36 90 26 72 47 82 16 43 6 86
10
36 90 26 72 47 82 16 43 6 86
10
35 26 90 72 47 82 16 43 6 86
10
35 26 90 72 47 82 16 43 6 86
10
36 90 26 72 47 82 16 43 6 86
10
36 90 26 72 47 82 16 43 6 86
10
36 90 26 72 47 82 16 43 6 86
10
36 90 26 72 47 82 16 43 6 86
10
36 90 26 72 47 82 16 43 6 86
10
36 90 26 72 47 82 16 43 6 86
10
36 90 26 72 47 82 16 43 6 86
10
36 90 26 72 47 82 16 43 6 86
10
36 90 26 72 47 82 16 43 6 86
10
36 90 26 72 82 16 43 6 86 22
10
36 90 26 72 82 16 43 6 86 22
10
36 90 26 72 47 82 16 43 6 86
10
36 44 90 26 72 47 82 16 6 86
10
36 90 26 72 47 82 16 43 6 86
10
36 44 90 26 72 47 82 16 6 86
11
36 51 90 26 72 47 82 43 6 86 54
10
36 90 26 72 47 82 16 43 6 86
11
36 90 26 72 50 47 82 43 6 86 54
10
36 90 26 72 47 82 16 43 6 86
10
36 90 26 72 47 82 16 43 6 86
10
36 90 26 72 47 82 16 43 6 86
10
36 90 26 72 47 82 16 43 6 86
10
36 90 26 72 47 82 16 43 6 86
10
36 44 90 26 72 47 82 16 6 86
10
36 90 26 72 82 16 43 6 86 22
10
36 90 26 72 82 16 43 6 86 22
10
36 90 26 72 47 82 16 43 6 86
10
36 90 26 72 82 16 43 6 86 22
10
36 90 26 72 82 16 43 6 86 22
10
36 90 26 72 82 16 43 6 86 22
10
36 90 26 72 82 16 43 6 86 22
10
36 90 26 72 82 16 43 6 86 22
10
36 90 26 72 82 16 43 6 86 22
10
44 35 26 90 72 82 16 6 86 22
10
36 44 90 26 72 82 16 6 86 22
10
36 90 26 72 82 16 43 6 86 22
10
36 90 26 72 82 16 43 6 86 22
10
36 90 26 72 82 16 43 6 86 22
10
35 26 90 72 82 16 43 6 86 22
10
36 90 26 72 82 16 43 6 86 22
10
36 90 26 72 82 16 43 6 86 22
10
36 90 26 72 82 16 43 6 86 22
10
36 90 26 72 82 16 43 6 86 22
10
36 90 26 72 82 16 43 6 86 22
10
36 90 26 72 82 16 43 6 86 22
10
36 90 26 72 82 16 43 6 86 22
10
36 90 26 72 82 16 43 6 86 22
10
36 90 26 72 82 16 43 6 86 22
10
36 90 26 72 82 16 43 6 86 22
10
36 90 26 72 82 16 43 6 86 22
10
36 90 26 72 82 16 43 6 86 22
10
36 90 26 72 82 16 43 6 86 22
10
36 90 26 72 82 16 43 6 86 22
10
36 90 26 72 82 16 43 6 86 22
10
36 90 26 72 82 16 43 6 86 22
10
36 90 26 72 82 16 43 6 86 22
10
36 44 90 26 72 82 16 6 86 22
10
36 90 26 72 82 16 43 6 86 22
10
36 90 26 72 82 16 43 6 86 22
10
36 90 26 72 82 16 43 6 86 22
10
36 90 26 72 82 16 43 6 86 22
10
36 90 26 72 82 16 43 6 86 22
11
36 51 90 26 72 82 43 6 86 22 54
10
36 90 26 72 82 16 43 6 86 22
10
36 44 90 26 72 82 16 6 86 22
10
36 90 26 72 82 16 43 6 86 22
10
36 90 26 72 82 16 43 6 86 22
10
36 90 26 72 82 16 43 6 86 22
10
36 90 26 72 47 82 16 43 6 86
10
36 90 26 72 82 16 43 6 86 22
10
36 90 26 72 82 16 43 6 86 22
10
36 90 26 72 82 16 43 6 86 22
10
36 90 26 72 82 16 43 6 86 22
10
36 44 90 26 72 82 16 6 86 22
10
36 44 90 26 72 82 16 6 86 22
10
36 90 26 72 82 16 43 6 86 22
10
36 90 26 72 82 16 43 6 86 22
10
36 44 90 26 72 82 16 6 86 22
10
36 44 90 26 72 82 16 6 86 22
10
36 90 26 72 82 16 43 6 86 22
10
36 90 26 72 82 16 43 6 86 22
10
36 90 26 72 82 16 43 6 86 22
10
36 90 26 72 82 16 43 6 86 22
10
36 44 90 26 72 82 16 6 86 22
10
36 90 26 72 82 16 43 6 86 22
8
35 87 17 32 47 82 43 91
8
35 87 17 32 47 82 43 91
8
44 35 87 17 32 82 91 22
8
35 87 17 32 47 82 43 91
8
35 87 17 32 47 82 43 91
8
44 35 87 17 32 82 91 22
8
35 87 17 32 47 82 43 91
8
44 35 87 17 32 82 91 22
8
35 87 17 32 47 82 43 91
8
35 87 17 32 47 82 43 91
5
89 0 71 15 79
4
77 70 30 12
4
81 74 11 31
11
51 84 92 41 42 29 54 2 78 48 80
10
84 68 31 64 0 41 15 2 20 80
10
84 92 76 71 50 42 8 54 2 78
9
51 84 92 89 0 54 29 70 78
11
84 92 18 59 0 71 19 56 38 70 21
10
51 84 31 76 42 29 54 2 78 80
8
84 59 0 71 56 70 21 78
10
84 93 92 59 41 71 56 42 2 78
10
84 93 0 76 71 50 79 54 2 37
10
84 28 89 76 40 42 2 21 78 49
9
51 31 60 75 83 82 54 21 61
10
84 0 10 71 19 38 29 2 70 78
7
84 10 71 42 38 74 70
10
57 84 92 59 41 71 42 8 21 48
9
84 0 76 50 79 54 2 78 80
9
84 93 59 0 76 79 56 2 80
8
84 68 64 0 76 71 79 2
9
57 84 14 59 77 76 79 30 78
8
84 59 0 10 71 76 56 29
11
84 93 68 31 64 0 41 29 39 78 80
9
51 84 89 0 41 79 54 29 78
10
57 84 93 14 59 0 41 50 54 39
9
84 65 68 41 71 79 42 21 78
9
51 4 84 31 0 41 54 2 80
10
84 92 31 41 71 50 42 8 54 49
11
51 84 31 0 41 71 79 54 2 21 78
8
51 84 31 76 71 42 54 2
9
84 59 0 41 71 56 74 21 78
8
84 4 0 76 79 2 21 80
10
57 84 31 59 71 15 42 74 70 78
9
84 93 0 71 79 78 74 70 11
10
51 84 14 28 0 10 41 46 54 78
10
84 0 41 50 54 2 58 78 48 80
10
84 92 59 76 71 56 42 2 21 48
8
84 93 0 76 79 29 7 78
7
84 71 19 42 70 78 48
9
84 4 49 0 41 46 2 78 80
8
84 76 71 79 42 21 78 49
8
84 93 0 76 71 2 20 78
10
84 93 68 64 0 76 79 34 7 78
9
84 4 14 0 76 15 46 2 78
9
84 59 41 71 79 56 42 21 78
9
84 93 89 0 41 46 2 78 49
7
84 0 76 71 79 2 78
9
84 92 89 0 30 8 70 78 48
8
51 84 14 0 76 79 54 78
8
84 31 59 0 76 56 78 80
11
84 68 64 0 10 76 79 30 21 78 48
9
51 84 0 76 54 2 21 78 80
7
84 93 41 42 37 11 80
9
84 93 14 76 42 29 58 78 49
9
84 0 41 71 79 46 2 21 48
8
84 31 0 76 29 2 48 80
8
84 68 64 41 71 42 2 78
9
84 68 31 64 76 71 42 2 78
8
84 93 0 71 79 2 70 78
10
84 4 14 79 42 38 37 70 21 78
9
84 18 31 0 41 71 79 2 78
10
84 4 65 68 31 0 76 71 2 78
11
84 68 64 0 41 71 38 46 2 21 78
11
51 84 92 76 71 42 8 46 54 2 49
10
84 4 59 41 56 42 29 2 78 80
9
84 31 0 41 71 15 21 78 48
10
84 4 93 41 50 42 54 39 78 80
11
84 93 0 73 71 55 74 52 70 78 48
12
51 4 84 92 89 77 76 42 30 54 2 78
9
84 68 64 41 50 71 42 54 2
10
84 49 28 77 76 79 30 2 78 80
9
51 84 10 41 42 54 2 78 80
9
84 4 14 0 50 54 70 21 78
10
84 59 0 41 40 56 2 39 78 80
12
84 93 92 18 89 10 41 79 55 37 52 78
7
84 68 31 0 64 41 71
10
51 84 0 76 71 40 30 54 2 21
11
84 0 41 71 50 79 15 54 2 21 37
9
84 93 76 71 42 46 29 78 49
9
57 84 92 59 42 8 70 78 80
8
84 76 71 40 42 29 2 39
5
84 30 2 70 80
9
84 0 76 71 50 54 2 21 78
8
84 4 93 50 54 74 70 80
8
84 4 0 41 71 2 21 78
12
84 74 14 59 76 56 42 62 78 63 11 48
10
57 84 18 59 0 41 71 55 52 78
9
84 68 64 0 41 50 79 54 78
8
84 4 31 0 76 71 2 78
10
51 84 93 0 40 54 2 70 78 80
9
84 18 0 15 19 20 70 78 80
10
84 68 64 0 71 46 2 70 78 49
8
51 84 68 64 41 71 42 54
9
84 0 41 71 79 55 52 7 78
9
84 0 77 41 79 62 63 78 80
10
84 93 18 0 76 71 50 25 54 78
10
84 93 18 0 41 71 62 63 21 12
8
84 93 0 10 71 50 41 54
9
84 4 68 64 0 41 2 78 80
8
84 31 76 71 42 2 21 78
8
84 59 41 56 42 2 78 80
8
84 18 76 71 42 19 30 38
9
84 4 40 42 38 37 70 78 80
8
51 84 41 71 54 37 74 11
10
57 84 59 0 76 50 29 54 2 80
7
84 69 66 41 2 58 80
10
44 60 71 75 24 83 16 5 21 61
9
84 59 0 71 56 70 74 21 78
10
84 4 68 64 76 71 79 42 2 78
11
84 68 31 64 0 19 20 12 70 78 80
11
84 92 0 77 76 71 82 29 2 78 12
9
84 4 0 41 29 2 78 48 80
10
84 77 76 71 50 15 42 54 2 7
10
51 84 93 76 71 42 54 2 39 78
10
51 84 78 71 42 54 37 74 70 11
10
57 84 93 59 0 76 71 40 39 78
10
84 4 93 59 77 41 56 42 2 78
10
84 68 64 89 73 10 42 2 70 21
8
84 31 76 71 42 29 2 48
8
84 0 53 1 55 82 9 2
6
84 69 31 1 67 58
6
84 7 69 1 67 58
9
84 4 31 0 53 1 55 9 21
6
84 7 0 1 46 58
6
84 69 31 0 1 67
6
84 65 68 0 1 7
6
84 0 53 1 55 20
9
44 31 13 75 3 83 82 5 12
10
45 73 33 62 75 3 83 29 2 63
9
45 13 75 24 83 5 2 20 21
10
57 45 59 60 33 75 24 83 2 61
10
44 69 60 75 24 83 25 5 66 61
10
44 69 33 62 75 83 25 23 63 66
9
44 13 75 3 83 9 5 21 12
10
33 55 62 75 24 83 45 63 52 21
9
13 30 81 3 83 5 45 20 21
9
44 68 64 13 81 3 83 9 5
10
44 68 64 60 75 24 83 5 2 61
10
51 60 33 75 3 83 54 45 21 61
10
44 69 33 62 75 24 83 25 63 66
10
13 53 55 75 3 83 82 5 45 20
9
51 13 77 81 24 83 5 54 45
9
51 44 13 81 24 83 5 54 2
10
51 0 60 33 81 24 83 34 54 61
10
51 0 60 33 81 24 83 82 54 61
10
28 68 64 0 33 62 75 24 83 63
9
44 31 13 50 81 3 83 5 54
8
44 2 13 75 83 5 23 7
10
68 64 77 60 33 75 24 83 45 61
10
44 11 60 33 81 24 83 29 2 61
10
68 64 13 75 3 83 82 5 45 21
9
44 13 53 33 55 75 24 83 20
9
44 2 13 73 30 75 83 5 23
10
44 69 13 75 24 83 25 82 5 67
9
44 68 31 13 64 75 3 83 5
10
44 33 55 62 75 24 83 20 63 52
10
44 33 55 62 75 3 83 63 52 21
10
44 69 60 33 75 24 83 25 66 61
9
45 33 62 81 24 83 46 2 63
9
44 13 55 81 3 83 5 52 21
9
45 28 68 64 13 75 83 5 23
10
44 68 64 60 75 3 83 5 61 12
9
69 13 81 24 83 25 5 45 66
9
44 69 13 75 24 83 25 5 66
9
44 13 75 3 83 29 5 2 21
9
69 13 75 24 83 25 5 45 66
9
57 44 13 59 77 75 24 83 5
9
69 13 75 24 83 25 5 45 66
10
44 31 64 68 60 33 81 24 83 61
10
45 68 64 60 33 75 24 83 2 61
10
68 64 13 75 24 83 82 9 5 45
10
44 71 33 62 75 3 83 82 63 21
9
44 71 33 62 75 3 83 63 21
10
0 53 60 33 55 75 24 83 20 61
9
13 53 0 55 75 24 83 5 21
10
44 68 64 60 33 75 24 83 34 61
9
45 77 60 33 75 83 34 23 61
9
31 13 73 81 3 83 5 45 21
9
65 68 13 73 75 3 83 5 45
9
44 69 13 75 3 25 83 5 66
10
44 68 64 60 75 24 83 46 5 61
9
44 69 13 81 24 83 25 5 66
10
45 68 64 33 62 81 24 83 2 63
9
44 73 60 33 81 24 83 34 61
9
45 68 64 13 75 83 5 23 12
9
69 13 33 81 24 83 25 45 66
9
51 31 13 81 3 83 5 54 45
10
68 64 33 30 62 75 24 83 45 63
9
13 53 55 81 3 83 5 45 12
10
69 0 60 33 81 24 83 25 66 61
9
45 69 13 75 83 25 5 23 66
10
69 13 33 81 3 25 83 82 45 66
10
44 33 62 81 24 83 82 2 63 11
10
69 60 33 81 24 83 25 45 66 61
9
44 33 62 81 24 83 2 63 11
9
68 64 13 0 81 3 83 5 29
9
44 13 53 55 81 24 83 5 20
10
51 45 77 60 33 81 83 54 23 61
9
44 13 53 55 81 3 83 5 21
10
53 33 55 62 81 24 83 45 63 21
10
51 44 60 71 33 81 83 54 23 61
9
13 53 73 55 75 3 83 5 45
9
44 13 53 55 81 3 83 5 21
9
45 31 13 33 81 3 83 9 2
9
68 64 13 81 24 83 46 5 45
10
44 31 73 40 33 62 75 83 63 21
9
13 55 75 24 83 5 45 52 21
9
44 13 33 30 62 81 24 83 63
9
13 55 75 24 83 5 45 52 21
10
68 64 60 33 75 24 83 46 45 61
9
44 68 64 13 81 24 83 5 12
10
44 68 64 60 33 81 24 83 34 61
10
69 33 62 81 24 83 25 45 63 67
9
44 68 64 13 81 3 83 5 21
10
45 68 64 33 62 75 24 83 2 63
8
44 90 2 13 81 83 5 23
10
60 33 55 81 24 83 29 45 52 61
9
44 73 33 62 75 3 83 63 21
9
69 13 33 81 24 83 29 45 66
10
69 60 33 81 24 83 25 45 67 61
9
69 13 0 81 3 25 83 5 66
9
44 13 53 55 81 3 83 5 21
10
44 69 13 81 24 83 25 82 5 66
10
68 64 60 33 75 24 83 45 61 12
9
44 68 64 13 77 81 83 5 23
9
68 64 13 0 81 24 83 5 21
10
51 45 60 30 81 83 5 54 23 61
10
31 71 33 62 75 3 83 9 45 63
10
68 64 33 62 81 24 83 45 63 21
10
68 64 60 33 75 24 83 45 61 12
9
68 64 13 33 81 3 83 9 45
10
51 31 0 33 62 81 3 83 54 63
10
51 44 31 60 33 81 3 83 54 61
9
62 81 3 83 9 5 45 63 21
9
31 0 73 60 33 81 24 83 61
10
44 73 71 33 62 81 24 83 63 21
10
69 33 62 81 24 83 82 45 63 66
9
44 68 64 13 81 24 83 46 5
9
65 68 13 0 33 81 83 34 23
8
45 72 88 83 85 9 23 27
8
44 72 88 83 85 9 23 27
7
0 72 88 83 85 23 27
7
45 72 88 83 85 23 27
7
0 72 88 83 85 23 27
7
44 72 88 83 85 23 27
8
0 72 88 83 85 23 27 7
8
45 72 88 83 85 23 27 7
7
44 72 88 83 85 23 27
8
45 72 88 83 85 23 27 7
7
0 72 88 83 85 23 27
7
0 72 88 83 85 23 27
8
0 72 88 83 85 9 23 27
7
45 72 88 83 85 23 27
7
45 72 88 83 85 23 27
4
27 83 7 32
5
51 32 24 83 54
