78
4
0 1 45 4
2
0 5
6
1 1 87 1 88 1
2
2 4
6
3 1 9 1 31 1
2
3 2
6
4 2 21 1 40 1
2
5 4
2
6 4
2
6 4
6
7 1 17 1 19 1
4
8 1 66 2
4
10 1 81 4
4
11 1 72 1
4
12 1 60 2
2
13 4
2
14 1
2
15 1
6
16 1 52 1 54 1
4
16 2 55 1
6
16 1 50 1 54 1
4
16 2 54 1
6
16 1 20 1 50 1
4
16 1 54 1
2
18 1
4
21 3 38 1
4
22 4 29 2
4
23 1 35 1
6
23 1 36 1 79 1
4
24 1 39 1
2
24 2
4
24 2 37 1
4
25 2 68 2
2
26 3
4
26 2 57 1
2
26 3
4
27 1 59 1
2
28 1
4
30 2 47 4
6
31 1 36 1 79 1
2
31 1
2
32 1
2
33 4
6
34 1 49 1 56 1
4
35 1 36 2
2
36 2
2
36 2
2
41 3
2
42 3
2
43 4
2
43 4
2
44 5
8
46 1 58 1 59 1 78 3
4
48 1 89 1
6
51 2 53 1 55 1
6
60 1 61 3 78 2
2
62 3
2
63 3
4
64 2 90 2
6
64 1 90 1 92 1
6
65 1 67 1 91 1
4
68 2 69 1
4
69 1 90 2
2
70 2
2
71 4
2
72 4
6
72 4 73 1 74 1
2
75 2
2
75 2
2
76 3
2
77 1
4
79 1 93 1
2
80 2
4
82 8 84 4
4
83 9 84 4
4
85 1 86 5
2
86 3
2
90 3
