379
9
42 25 19 36 79 15 67 74 82
7
42 25 19 36 15 74 82
9
42 25 19 36 79 15 67 74 82
9
42 25 19 79 15 67 35 74 82
8
42 25 19 36 79 67 74 82
9
42 25 19 36 79 15 67 74 82
9
42 25 19 36 79 15 67 74 82
9
25 43 19 36 79 15 67 74 82
9
42 25 19 36 79 15 67 74 82
9
42 25 19 36 79 15 67 74 82
9
42 25 19 36 79 15 67 74 82
9
42 25 19 36 79 15 67 74 82
9
25 43 19 36 79 15 67 74 82
9
25 43 19 36 79 15 67 74 82
9
42 25 19 36 79 15 67 74 82
9
42 25 19 36 79 15 67 74 82
9
42 25 19 36 79 15 67 74 82
9
42 25 19 36 79 15 67 74 82
8
25 43 19 36 79 15 74 82
9
42 25 19 66 36 79 15 74 82
9
42 25 19 36 79 15 67 74 82
9
42 25 19 36 79 15 67 74 82
9
42 25 19 36 79 15 67 74 82
9
42 25 19 36 79 15 67 74 82
9
42 25 19 36 79 15 67 74 82
9
42 25 19 36 79 15 67 74 82
9
42 25 19 36 79 15 67 74 82
9
42 25 19 36 79 15 67 74 82
9
42 25 19 36 79 15 67 74 82
8
42 25 19 79 15 35 74 82
9
42 25 19 36 79 15 67 74 82
9
42 25 19 36 79 15 67 74 82
9
42 25 19 79 15 67 35 74 82
9
42 25 19 36 79 15 67 74 82
9
42 25 19 36 79 15 67 74 82
9
42 25 19 36 79 15 67 74 82
9
42 25 19 36 79 15 67 74 82
9
42 25 19 66 36 79 15 74 82
9
42 25 19 36 79 15 67 74 82
9
42 25 19 36 79 15 67 74 82
9
42 25 19 36 79 15 67 74 82
9
42 25 19 36 79 15 67 74 82
8
42 25 19 79 15 35 74 82
9
25 43 19 36 79 15 67 74 82
9
42 25 19 36 79 15 67 74 82
9
42 25 19 36 79 15 67 74 82
9
42 25 19 36 79 15 67 74 82
9
25 43 19 36 79 15 67 74 82
9
42 25 19 36 79 15 67 74 82
9
42 25 19 36 79 15 67 74 82
9
42 25 19 36 79 15 67 74 82
9
42 25 19 36 79 15 67 74 82
9
42 25 19 36 79 15 67 74 82
9
42 25 19 36 79 15 67 74 82
9
42 25 19 36 79 15 67 74 82
9
42 25 19 36 79 15 67 74 82
9
42 25 19 36 79 15 67 74 82
9
42 25 19 36 79 15 67 74 82
9
42 25 19 36 79 15 67 74 82
8
42 25 19 36 79 15 74 82
9
42 25 19 36 79 15 67 74 82
9
42 25 19 36 79 15 67 74 82
9
42 25 19 36 79 15 67 74 82
9
42 25 66 36 46 15 74 82 2
8
42 25 36 46 15 74 82 2
9
42 25 36 46 15 67 74 82 2
9
42 25 36 46 15 67 74 82 2
9
42 25 36 46 15 67 74 82 2
9
42 25 36 46 15 67 74 82 2
9
42 25 36 46 15 67 74 82 2
9
42 25 36 46 15 67 74 82 2
9
42 25 36 46 15 67 74 82 2
9
42 25 36 46 15 67 74 82 2
9
42 25 36 46 15 67 74 82 2
9
42 25 66 36 46 15 74 82 2
9
25 43 36 46 15 67 74 82 2
9
42 25 36 46 15 67 74 82 2
9
42 25 36 46 15 67 74 82 2
10
42 25 36 46 51 49 67 74 82 2
9
42 25 36 46 15 67 74 82 2
9
42 25 36 46 15 67 74 82 2
9
42 25 46 15 67 35 74 82 2
9
42 25 36 46 15 67 74 82 2
9
42 25 36 46 15 67 74 82 2
9
42 25 36 46 15 67 74 82 2
9
42 25 36 46 15 67 74 82 2
9
42 25 36 46 15 67 74 82 2
9
25 43 36 46 15 67 74 82 2
9
42 25 36 46 15 67 74 82 2
9
42 25 36 46 15 67 74 82 2
9
25 43 36 46 15 67 74 82 2
9
42 25 36 46 15 67 74 82 2
9
42 25 36 46 15 67 74 82 2
9
42 25 36 46 15 67 74 82 2
9
42 25 36 46 15 67 74 82 2
9
25 43 36 46 15 67 74 82 2
9
42 25 36 46 15 67 74 82 2
9
42 25 36 46 15 67 74 82 2
9
42 25 66 36 46 15 74 82 2
9
42 25 36 46 15 67 74 82 2
9
42 25 36 46 15 67 74 82 2
9
42 25 36 46 15 67 74 82 2
9
42 25 36 46 15 67 74 82 2
8
42 25 36 46 15 74 82 2
9
42 25 36 46 15 67 74 82 2
9
42 25 36 46 15 67 74 82 2
9
42 25 36 46 15 67 74 82 2
9
42 25 36 46 15 67 74 82 2
9
42 25 36 46 15 67 74 82 2
9
42 25 36 46 15 67 74 82 2
9
42 25 36 46 15 67 74 82 2
9
42 25 36 46 15 67 74 82 2
9
42 25 36 46 15 67 74 82 2
9
42 25 36 46 15 67 74 82 2
9
42 25 36 46 15 67 74 82 2
9
42 25 36 46 15 67 74 82 2
9
42 25 36 46 15 67 74 82 2
9
42 25 36 46 15 67 74 82 2
9
42 25 36 46 15 67 74 82 2
9
42 25 36 46 15 67 74 82 2
8
42 25 46 15 67 35 74 2
9
42 25 36 46 15 67 74 82 2
9
42 25 66 36 46 15 74 82 2
9
42 25 36 46 15 67 74 82 2
9
42 25 36 46 15 67 74 82 2
9
42 19 80 83 78 35 26 74 14
9
42 19 80 83 78 35 26 74 14
9
42 19 80 83 78 35 26 74 14
9
42 19 80 83 78 35 26 74 14
9
42 19 80 83 78 35 26 74 14
9
19 80 83 78 43 35 26 74 14
9
42 19 80 83 78 35 26 74 14
9
80 46 83 78 43 35 26 74 14
9
42 80 46 83 78 35 26 74 14
9
42 80 46 83 78 35 26 74 14
9
80 46 83 78 43 35 26 74 14
9
42 80 46 83 78 35 26 74 14
9
42 80 46 83 78 35 26 74 14
10
41 5 45 50 30 37 13 67 65 48
6
29 41 39 45 37 30
6
77 66 4 37 76 30
8
0 41 28 4 3 11 65 30
8
63 41 39 13 37 76 30 60
9
63 1 41 52 22 59 54 65 30
9
41 28 70 57 40 37 13 58 38
8
0 1 41 8 40 76 65 24
9
41 27 50 53 76 30 65 48 24
8
41 52 64 76 11 54 65 30
6
29 47 41 45 37 30
8
63 41 39 84 5 45 59 30
8
23 41 39 64 5 45 76 30
10
23 41 52 66 8 39 5 13 54 30
8
29 31 50 40 3 76 30 48
8
1 41 84 45 51 32 65 30
8
29 41 28 84 5 37 13 30
8
29 41 39 22 37 76 11 30
9
29 0 50 40 13 76 61 48 24
9
29 41 39 50 13 11 65 48 24
9
23 29 41 28 64 45 50 76 48
10
29 41 39 84 22 51 49 76 11 30
7
41 28 18 38 37 13 65
8
0 41 34 18 37 76 38 30
8
29 0 41 45 50 76 30 48
8
41 71 66 5 45 40 76 65
6
47 1 41 51 3 49
9
23 41 45 50 37 76 13 30 48
9
1 28 41 45 50 13 76 30 48
10
6 29 1 41 27 71 40 37 13 30
9
1 41 84 56 22 40 13 55 30
9
41 28 34 39 7 17 37 13 30
7
0 28 8 40 3 76 24
10
41 28 27 34 17 37 76 11 30 24
8
1 41 71 34 17 45 40 37
10
41 70 22 50 37 13 30 38 48 24
8
1 28 41 39 5 76 30 24
8
29 41 39 50 76 11 30 48
10
29 23 41 39 45 50 76 30 65 48
8
28 27 71 5 45 3 13 24
10
75 31 10 50 56 69 43 21 55 48
8
0 28 50 3 37 30 65 48
6
0 41 31 64 22 37
4
29 41 28 13
9
70 50 18 38 3 13 30 65 48
10
1 28 41 34 7 5 45 84 40 30
9
41 71 45 50 40 13 76 30 48
8
41 39 38 37 76 13 65 30
9
41 28 39 68 45 18 37 76 30
7
31 39 84 51 3 37 30
8
47 39 68 50 40 30 65 48
5
29 0 51 49 76
7
41 31 34 64 40 76 38
7
23 41 45 50 76 30 48
8
41 39 50 53 76 30 48 24
5
0 41 28 76 30
9
47 41 28 70 31 68 5 38 30
10
41 39 50 53 76 11 30 38 48 24
8
41 71 34 64 5 22 11 65
8
63 1 39 37 59 76 65 30
5
41 31 45 76 30
6
34 18 51 40 49 38
8
47 41 28 34 45 40 32 76
9
1 39 50 40 53 13 30 48 24
8
1 41 45 50 13 30 65 48
7
41 7 5 45 40 37 65
10
29 70 52 51 3 49 76 54 38 30
7
47 41 34 8 7 65 30
10
47 41 28 8 68 45 40 3 37 38
9
23 41 28 34 64 50 76 30 48
6
0 41 34 84 37 30
8
41 70 34 22 50 37 38 48
9
0 41 52 38 37 13 54 65 30
8
0 41 31 5 45 37 76 13
8
0 5 50 40 37 76 30 48
7
29 1 41 39 45 32 3
9
41 7 5 45 37 13 65 30 24
10
63 1 28 41 50 32 38 59 65 30
10
29 41 71 27 84 5 37 76 11 30
8
63 41 31 3 37 76 59 30
8
63 1 28 41 39 68 59 30
7
47 41 28 45 37 76 30
9
10 18 69 76 15 44 21 72 75
9
41 70 52 39 84 5 40 13 54
9
1 28 41 68 45 51 49 65 30
10
41 70 31 39 45 51 49 13 76 30
8
62 41 70 31 8 84 64 30
9
41 39 64 45 50 13 76 30 48
9
29 0 41 34 68 50 40 48 24
8
23 41 34 45 50 76 30 48
8
47 0 1 41 5 13 30 24
9
0 1 70 39 50 37 30 48 24
8
1 28 41 45 50 37 76 48
10
41 28 71 64 5 45 50 30 65 48
9
29 47 41 70 51 40 13 37 38
8
41 84 50 38 13 65 48 24
7
41 34 84 51 32 49 65
8
23 0 41 34 45 40 65 30
9
23 41 45 50 37 76 13 30 48
9
47 1 28 31 34 7 45 65 30
9
0 1 31 64 50 40 37 76 48
10
9 1 41 71 34 45 50 65 48 24
9
23 0 50 40 32 76 11 30 48
6
50 76 30 65 48 24
7
0 70 4 40 3 37 11
8
1 28 57 69 43 21 75 24
7
23 1 41 34 64 32 38
8
29 23 1 41 40 32 61 30
7
63 41 77 4 37 30 60
9
77 52 17 45 50 37 30 54 48
5
29 62 41 52 54
5
63 77 37 60 30
5
77 4 45 37 30
8
77 66 17 51 49 37 65 30
7
77 4 39 5 40 37 30
10
75 10 50 18 56 69 44 21 55 48
8
6 62 69 20 43 72 75 12
8
33 18 53 43 21 72 75 12
10
75 27 10 35 56 69 43 21 72 55
9
75 66 8 10 56 69 43 21 55
9
7 51 69 49 43 21 72 75 12
8
6 18 69 44 21 72 75 12
10
6 62 75 64 10 56 69 44 21 55
10
75 28 10 50 18 56 69 21 55 48
10
9 75 18 56 69 43 67 21 55 12
9
75 8 56 18 69 43 21 55 12
9
29 63 10 69 59 44 21 72 75
8
31 18 69 43 21 72 75 12
10
75 10 50 18 56 69 44 21 55 48
10
63 75 10 56 18 69 43 21 55 60
10
6 75 10 56 50 69 43 21 55 48
10
63 75 33 10 56 18 59 44 21 55
9
9 75 71 33 10 56 44 21 55
10
6 63 75 10 56 69 53 43 21 55
10
75 31 50 56 69 12 43 21 55 48
8
47 32 69 43 21 72 75 12
8
62 5 69 43 21 72 75 12
8
6 62 33 10 44 21 72 75
10
75 50 56 32 69 12 43 21 55 48
10
31 57 51 58 69 49 43 21 75 12
9
75 66 5 10 56 69 43 21 55
8
6 62 10 69 44 21 72 75
9
18 51 69 49 43 21 72 75 12
10
75 17 10 50 18 56 69 43 21 55
9
75 33 5 56 18 43 21 55 12
9
8 33 10 57 32 58 43 21 75
9
47 75 10 56 32 69 43 21 55
9
10 50 69 43 67 21 72 75 48
10
75 10 18 56 51 69 49 43 21 55
9
6 64 10 69 43 61 21 72 75
9
75 10 56 50 69 43 21 55 48
10
63 75 10 56 18 69 59 43 21 55
8
6 62 69 43 21 72 75 12
10
6 75 28 56 69 76 43 21 55 12
9
33 10 51 49 76 43 21 72 75
10
29 63 75 10 56 69 59 44 21 55
8
62 10 18 69 44 21 72 75
9
54 52 71 10 69 44 21 72 75
9
21 33 17 10 18 57 43 58 75
10
6 75 64 10 56 69 43 61 21 55
10
63 41 75 10 56 69 59 67 21 55
11
63 75 28 27 10 56 69 59 43 21 55
9
6 62 75 56 69 43 21 55 12
10
1 75 28 27 10 56 69 43 21 55
8
6 62 69 43 21 72 75 12
9
75 66 10 56 69 20 43 35 55
9
75 10 56 50 69 20 43 35 55
10
75 10 18 56 51 69 49 44 21 55
10
41 75 10 18 56 51 69 49 21 55
9
17 10 51 69 49 43 21 72 75
10
43 33 10 57 50 76 20 58 75 48
10
75 66 10 50 56 69 43 21 55 48
9
75 10 56 32 69 76 43 21 55
9
63 33 32 59 44 21 72 75 12
10
33 18 57 51 58 49 44 21 75 12
9
29 48 33 50 44 21 72 75 12
9
48 33 50 32 44 21 72 75 12
9
52 33 76 20 44 54 72 75 12
9
63 71 33 59 20 44 72 75 12
9
75 33 18 56 32 44 21 55 12
10
63 75 33 10 56 18 59 44 21 55
10
75 4 33 18 56 43 67 21 55 12
10
63 75 27 33 56 59 43 21 55 12
9
6 28 33 44 61 21 72 75 12
9
9 54 52 71 69 21 72 75 12
9
33 10 18 51 49 44 21 72 75
9
27 33 18 53 44 21 72 75 12
8
6 62 33 44 21 72 75 12
9
75 33 56 32 76 43 21 55 12
9
9 4 33 5 44 21 72 75 12
10
75 10 50 18 56 69 43 21 55 48
9
75 31 33 56 15 44 21 55 12
9
63 33 18 59 44 21 72 75 12
9
48 33 50 18 44 21 72 75 12
9
28 82 33 20 43 61 72 75 12
9
43 66 33 32 15 21 72 75 12
9
33 18 51 49 44 21 72 75 12
9
75 33 56 32 76 44 21 55 12
10
7 33 57 51 58 49 43 21 75 12
9
47 75 56 32 69 43 21 55 12
9
7 33 10 51 49 44 21 72 75
10
63 41 75 27 33 56 59 21 55 12
9
9 71 4 33 44 21 72 75 12
8
6 62 33 10 44 21 72 75
9
66 33 50 12 20 44 72 75 48
9
33 18 51 49 43 21 72 75 12
9
48 50 18 69 43 21 72 75 12
10
63 71 27 33 18 12 21 72 75 60
8
9 71 10 69 20 44 72 75
9
33 17 51 49 43 21 72 75 12
9
63 71 10 69 59 44 21 72 75
9
33 18 51 49 44 21 72 75 12
9
63 28 33 10 59 44 21 72 75
10
1 33 50 51 49 20 44 72 75 12
10
75 33 10 50 18 56 44 21 55 48
9
10 50 69 44 67 21 72 75 48
9
31 8 33 76 43 21 72 75 12
9
33 10 50 18 44 21 72 75 48
9
33 10 50 76 20 44 72 75 48
9
48 41 33 50 18 21 72 75 12
9
63 4 10 69 59 44 21 72 75
9
6 62 28 33 10 44 21 72 75
10
63 75 4 33 10 56 59 44 21 55
9
33 17 51 49 44 21 72 75 12
9
48 41 28 8 33 50 72 75 12
9
75 8 7 33 56 44 21 55 12
9
33 10 50 18 44 21 72 75 48
10
75 7 33 56 51 49 44 21 55 12
9
28 36 33 18 44 21 72 75 12
10
75 10 50 56 69 76 44 21 55 48
9
6 48 33 50 43 21 72 75 12
9
33 10 51 49 76 44 21 72 75
9
28 73 16 76 20 44 67 81 75
10
73 52 4 16 20 81 44 67 54 75
9
73 50 16 20 81 44 67 75 48
9
63 73 16 20 81 44 67 75 60
9
41 73 52 16 20 81 67 54 75
9
73 50 16 20 81 44 67 75 48
9
63 41 73 16 20 81 67 75 60
9
73 52 16 20 81 44 67 54 75
10
28 73 4 16 20 81 44 67 75 14
