70
4
0 2 1 2
4
2 4 77 1
6
3 1 13 2 34 1
4
4 1 25 3
4
5 2 17 1
6
6 2 64 1 82 1
4
7 1 15 2
6
8 1 32 1 36 1
6
9 1 11 1 55 1
2
10 4
2
12 4
6
14 1 15 1 48 1
4
15 2 50 2
4
15 1 51 3
4
15 2 48 1
6
16 1 48 2 49 1
4
18 3 38 1
4
19 4 28 2
6
20 1 35 1 37 1
6
20 1 35 1 37 1
4
21 1 36 1
2
21 2
2
21 2
4
21 2 22 1
6
23 1 59 1 63 1
4
24 2 25 2
4
25 3 27 1
4
26 1 54 1
2
29 2
4
30 2 74 10
4
30 3 75 9
4
31 1 37 2
4
32 1 36 1
2
33 4
2
36 1
2
36 2
2
36 2
2
39 2
2
40 2
2
41 4
4
41 3 42 1
2
42 5
4
42 1 44 4
2
42 1
2
43 5
2
45 2
2
46 4
6
47 1 67 4 68 1
4
48 1 49 1
2
50 4
4
52 1 53 1
4
55 2 71 2
2
56 4
4
57 1 58 1
4
59 1 60 1
6
61 1 64 1 82 2
6
62 1 63 2 83 1
2
65 2
4
66 1 67 4
4
67 1 76 3
4
67 1 76 2
2
69 4
2
70 1
2
72 4
2
73 1
4
78 1 79 4
4
80 1 81 1
2
82 1
2
82 3
2
82 1
