98
3
3 3 1
3
3 5 1
3
2 3 0
3
1 5 1
3
2 3 0
3
1 3 0
3
4 3 0
3
5 5 1
3
2 5 1
3
1 3 0
3
8 5 1
3
2 5 1
3
2 3 0
3
2 3 0
3
1 3 0
3
1 3 0
3
9 2 1
3
1 3 0
3
4 3 0
3
1 3 0
3
2 4 1
3
4 2 1
3
1 3 0
3
1 3 0
3
2 3 0
3
8 4 1
3
1 5 0
3
2 3 0
3
1 3 0
3
1 4 1
3
2 4 1
3
1 4 1
3
3 2 1
3
1 2 1
3
3 3 0
3
3 2 1
3
2 3 0
3
2 2 1
3
1 3 0
3
1 3 0
3
1 3 0
3
2 3 1
3
1 3 0
3
1 3 0
3
1 3 0
3
2 3 0
3
1 2 1
3
1 3 1
3
8 4 1
3
1 5 1
3
1 1 0
3
2 3 1
3
1 3 0
3
1 4 1
3
2 4 1
3
1 4 1
3
3 2 1
3
3 4 1
3
1 4 0
3
1 4 1
3
3 2 1
3
1 2 1
3
1 3 0
3
8 4 1
3
1 5 0
3
6 3 0
3
4 3 0
3
8 3 0
3
7 3 0
3
1 2 0
3
1 2 1
3
4 3 0
3
2 3 0
3
4 2 0
3
4 2 0
3
4 2 1
3
2 2 1
3
1 2 1
3
4 3 0
3
4 2 0
3
4 3 0
3
8 3 0
3
4 3 0
3
5 3 0
3
4 2 0
3
2 2 0
3
4 3 0
3
4 2 0
3
1 2 1
3
4 3 0
3
8 1 0
3
8 1 0
3
9 1 0
3
1 2 0
3
8 2 0
3
1 4 1
3
1 4 1
3
1 3 0
