406
3
84 25 10
10
48 16 90 67 74 10 81 25 63 94
10
48 16 90 67 74 10 81 25 63 94
10
48 16 90 67 74 10 81 25 63 94
10
48 16 90 67 74 10 81 25 63 94
10
48 16 90 67 74 10 81 25 63 94
10
48 16 90 67 74 10 81 25 63 94
10
48 16 90 67 74 10 25 83 63 94
10
48 16 90 67 74 10 81 25 63 94
10
48 16 90 67 74 10 81 25 63 94
10
48 16 90 67 74 10 81 25 63 94
10
48 16 90 67 74 10 81 25 63 94
10
48 16 90 67 74 10 81 25 63 94
10
48 16 90 67 74 10 81 25 63 94
10
48 16 90 67 74 10 81 25 63 94
10
48 16 90 67 74 10 81 25 63 94
10
48 16 90 67 74 10 81 25 63 94
10
48 16 90 67 74 10 81 25 63 94
10
48 16 90 67 74 10 81 25 63 94
10
48 16 90 67 74 10 81 25 63 94
10
48 16 90 67 74 10 81 25 63 94
10
48 16 90 67 74 10 81 25 63 94
10
48 16 90 67 74 10 81 25 63 94
10
48 16 90 67 74 10 81 25 63 94
10
48 16 90 67 74 10 81 25 63 94
10
48 16 90 67 74 10 81 25 63 94
10
48 16 90 67 74 10 25 83 63 94
10
48 16 90 67 74 10 81 25 63 94
10
48 16 90 67 74 10 81 25 63 94
10
48 16 90 67 74 10 81 25 63 94
10
48 16 90 67 74 10 81 25 63 94
10
48 16 90 67 74 10 81 25 63 94
10
48 16 90 67 74 10 81 25 63 94
10
48 16 90 67 74 10 81 25 63 94
10
48 16 90 67 74 10 81 25 63 94
10
48 16 90 67 74 10 81 25 63 94
10
48 16 90 67 74 10 81 25 63 94
10
48 16 90 67 74 10 81 25 63 94
10
48 16 90 67 74 10 81 25 63 94
10
48 16 90 67 74 10 81 25 63 94
10
48 16 90 67 74 10 81 25 63 94
10
48 16 90 67 74 10 81 25 63 94
9
48 16 90 67 74 81 25 63 94
10
48 16 90 67 74 10 81 25 63 94
10
48 16 90 67 74 10 81 25 63 94
10
48 16 90 67 74 10 81 25 63 94
10
48 16 90 67 84 10 81 25 63 94
10
48 16 90 67 84 10 81 25 63 94
10
48 16 90 67 74 10 81 25 63 94
9
48 16 90 67 74 10 83 63 94
10
48 16 90 67 74 10 81 25 63 94
10
48 16 90 67 74 10 25 83 63 94
9
48 16 90 67 74 10 81 63 94
10
48 16 90 67 74 10 81 25 63 94
10
48 16 90 67 74 10 81 25 63 94
10
48 16 90 67 74 10 81 25 63 94
10
48 16 90 67 74 10 81 25 63 94
10
48 16 90 67 74 10 81 25 63 94
10
48 16 90 67 74 10 81 25 63 94
10
48 16 90 67 74 10 81 25 63 94
9
48 90 67 74 10 25 83 63 94
10
48 16 90 67 84 10 81 25 63 94
10
48 16 90 67 84 10 81 25 63 94
11
29 48 16 90 67 74 10 81 63 94 32
10
48 16 90 67 84 10 81 25 63 94
10
48 16 90 67 84 10 81 25 63 94
10
48 16 90 67 84 10 81 25 63 94
10
48 16 90 67 84 10 81 25 63 94
10
48 16 90 67 84 10 81 25 63 94
10
48 16 90 67 84 10 81 25 63 94
9
48 16 90 67 84 10 25 63 94
10
48 16 90 67 84 10 25 83 63 94
10
48 16 90 67 84 10 81 25 63 94
10
48 16 90 67 84 10 81 25 63 94
10
48 16 90 67 84 10 81 25 63 94
10
48 16 90 67 84 10 81 25 63 94
10
48 16 90 67 84 10 81 25 63 94
10
48 16 90 67 84 10 81 25 63 94
10
48 16 90 67 84 10 81 25 63 94
10
48 16 90 67 84 10 81 25 63 94
10
48 16 90 67 84 10 81 25 63 94
10
48 16 90 67 84 10 81 25 63 94
10
48 16 90 67 84 10 81 25 63 94
10
48 16 90 67 84 10 81 25 63 94
10
48 16 90 67 84 10 81 25 63 94
10
48 16 90 67 84 10 81 25 63 94
10
48 16 90 67 84 10 81 25 63 94
10
48 16 90 67 84 10 81 25 63 94
10
48 16 90 67 84 10 81 25 63 94
10
48 16 90 67 84 10 81 25 63 94
10
48 16 90 67 84 10 81 25 63 94
10
48 16 90 67 84 10 81 25 63 94
10
48 16 90 67 84 10 81 25 63 94
10
48 16 90 67 84 10 25 83 63 94
10
48 16 90 67 84 10 81 25 63 94
10
48 16 90 67 84 10 81 25 63 94
10
48 16 90 67 84 10 81 25 63 94
10
48 16 90 67 84 10 81 25 63 94
10
48 16 90 67 84 10 81 25 63 94
10
48 16 90 67 84 10 81 25 63 94
10
48 16 90 67 84 10 81 25 63 94
10
48 16 90 67 84 10 25 83 63 94
10
48 16 90 67 84 10 81 25 63 94
10
48 16 90 67 84 10 81 25 63 94
10
48 16 90 67 84 10 81 25 63 94
10
48 16 90 67 74 10 81 25 63 94
10
48 16 90 67 84 10 81 25 63 94
10
48 16 90 67 84 10 81 25 63 94
10
48 16 90 67 84 10 81 25 63 94
10
48 16 90 67 84 10 81 25 63 94
10
48 16 90 67 84 10 25 83 63 94
10
48 16 90 67 84 10 25 83 63 94
10
48 16 90 67 84 10 81 25 63 94
10
48 16 90 67 84 10 81 25 63 94
10
48 16 90 67 84 10 25 83 63 94
9
48 16 90 67 84 10 25 63 94
10
48 16 90 67 84 10 81 25 63 94
10
48 16 90 67 84 10 81 25 63 94
10
48 16 90 67 84 10 81 25 63 94
9
48 16 90 67 84 81 25 63 94
10
48 16 90 67 84 10 25 83 63 94
10
48 16 90 67 84 10 81 25 63 94
8
64 95 90 84 83 3 77 26
8
64 95 90 84 83 3 77 26
8
64 95 90 84 83 3 77 26
8
64 95 90 84 83 3 77 26
8
64 95 90 84 83 3 77 26
8
64 95 90 74 81 3 77 26
8
64 95 90 74 81 3 77 26
8
64 95 90 74 81 3 77 26
8
64 95 90 74 81 3 77 26
8
64 95 90 74 81 3 77 26
8
64 95 90 74 81 3 77 26
6
40 65 45 89 68 20
8
40 23 73 38 72 13 18 6
7
40 65 73 69 47 18 75
5
5 65 73 15 68
9
45 92 28 54 79 56 80 68 44
9
65 31 92 33 79 0 24 68 20
10
45 76 92 61 87 7 59 80 68 21
9
65 45 73 85 92 24 41 68 6
11
65 45 31 85 92 61 33 58 72 42 21
10
55 65 73 92 61 87 21 58 68 20
8
5 70 92 28 79 72 80 42
10
45 76 92 61 79 59 80 68 21 6
10
9 65 70 92 61 87 0 59 68 21
9
45 76 92 28 87 14 2 72 80
10
78 92 34 87 41 35 86 82 8 6
7
65 85 92 27 42 68 6
10
65 85 15 92 2 57 72 60 21 6
11
30 65 45 70 92 21 79 0 68 32 6
10
9 65 73 22 92 87 21 68 20 6
10
65 73 92 34 79 24 35 68 21 6
10
68 55 73 85 92 0 80 50 75 44
8
65 85 92 28 27 68 21 6
10
65 92 61 87 0 58 41 18 68 6
9
92 38 54 27 87 80 56 69 6
10
65 45 73 76 92 79 24 18 68 21
10
68 12 9 65 73 92 87 2 75 20
8
65 45 73 85 92 24 75 68
10
92 2 57 79 24 80 60 68 21 6
9
55 92 38 79 52 72 80 18 75
9
12 65 92 87 14 2 68 21 6
11
45 92 28 54 79 75 56 80 68 21 6
9
45 73 92 54 79 56 80 68 21
10
70 92 87 2 57 69 80 42 60 12
9
23 65 92 87 2 21 72 20 6
9
40 73 92 28 57 79 80 60 68
9
9 65 73 92 87 24 18 68 21
9
68 65 85 92 19 0 18 75 6
9
23 65 73 15 85 92 14 19 68
9
55 92 38 57 79 69 80 60 75
11
68 73 51 92 79 50 52 80 43 18 75
10
45 92 28 61 87 59 80 68 21 6
9
92 38 87 36 24 7 69 80 37
10
73 92 27 87 2 0 24 80 68 6
10
65 70 92 28 27 87 75 18 68 6
10
55 65 46 92 79 75 52 18 68 20
8
55 65 92 87 36 52 37 68
9
9 65 73 92 27 87 24 68 6
10
40 73 92 38 87 7 80 43 68 21
9
65 92 87 57 24 69 6 60 44
10
68 73 51 92 79 19 7 80 42 75
11
55 65 46 73 76 92 61 79 58 72 6
10
73 22 51 92 87 52 80 41 68 44
10
65 45 92 87 53 0 56 69 21 6
8
45 73 85 92 0 80 68 6
9
9 76 92 28 87 0 69 80 20
9
65 73 76 92 28 79 0 72 6
9
92 38 27 87 80 41 18 68 6
12
65 22 70 92 61 87 75 58 50 18 68 21
11
68 5 65 73 92 2 79 0 19 75 21
9
65 92 28 79 7 41 68 21 44
9
9 73 92 87 80 41 68 21 6
9
68 73 92 79 80 50 41 75 44
8
65 92 27 87 2 68 21 6
10
9 65 85 70 92 0 42 68 21 6
9
11 73 15 17 85 92 14 69 80
10
65 76 92 28 57 79 72 42 60 6
9
9 31 92 33 79 80 68 21 6
10
65 70 92 28 57 79 72 42 60 75
9
45 76 92 87 52 80 68 21 44
9
45 92 87 53 75 56 80 62 68
10
30 40 65 92 87 21 69 50 18 32
10
65 45 92 61 79 24 59 72 20 6
8
12 92 14 2 79 80 68 6
8
85 92 7 80 63 41 18 68
9
45 92 54 87 0 24 80 72 56
9
12 9 65 85 92 38 21 68 20
10
76 92 61 87 24 80 58 50 72 44
9
68 65 22 92 38 79 24 18 75
11
45 85 70 92 53 0 80 56 69 75 21
10
68 12 65 46 92 2 79 13 75 20
10
65 92 57 79 75 42 60 68 21 6
11
55 45 73 92 61 87 36 59 72 80 37
9
68 15 92 79 0 19 80 75 21
10
65 45 92 61 87 2 58 68 21 6
9
65 15 92 57 79 19 60 68 21
9
55 23 65 92 87 7 18 68 44
9
65 45 85 22 92 0 18 68 21
9
12 9 65 92 87 2 21 68 20
10
12 15 92 2 79 4 69 80 75 21
8
5 65 85 92 2 21 68 20
12
68 65 73 92 87 2 57 50 60 75 21 44
10
65 45 92 87 53 56 8 18 68 21
10
5 9 85 70 92 19 4 80 68 21
9
30 65 92 2 32 79 72 12 20
9
92 87 19 0 7 69 80 18 75
10
73 92 27 79 0 75 80 68 21 6
10
68 73 15 92 21 79 80 75 20 6
8
12 9 65 92 87 57 60 68
8
12 65 85 17 92 2 68 6
9
68 9 65 31 85 92 33 75 6
9
65 85 92 7 50 43 18 68 44
8
65 92 79 24 72 6 21 44
10
12 23 65 73 85 51 92 41 68 20
10
65 73 92 61 79 75 58 68 21 6
11
65 73 92 27 57 79 75 60 68 21 6
11
65 73 92 27 21 57 79 24 60 68 20
10
65 45 70 92 87 0 72 18 12 21
9
65 73 92 79 0 24 18 68 21
10
45 70 92 28 53 79 56 80 68 21
10
68 12 92 14 79 80 18 75 21 6
10
68 12 9 65 73 92 14 79 75 20
10
68 15 92 14 2 79 19 80 75 21
9
31 73 92 87 33 24 80 41 68
9
92 61 79 58 80 62 47 18 68
10
65 70 92 87 2 57 42 60 68 21
9
85 15 92 14 19 80 13 68 20
9
73 92 21 79 19 80 13 68 20
10
65 45 73 22 92 87 24 68 21 6
9
92 61 79 59 52 72 80 18 21
9
78 89 7 83 25 71 91 13 75
10
12 65 73 85 92 60 57 41 68 20
9
65 73 92 28 27 87 72 20 6
9
40 65 92 27 79 75 42 41 68
8
65 45 73 92 38 87 68 6
9
65 45 22 92 79 47 18 68 6
9
40 65 92 87 24 52 72 50 21
10
12 73 76 92 87 2 0 80 68 6
9
65 73 92 2 79 69 12 20 6
9
68 65 85 17 92 2 19 75 20
9
12 65 73 92 38 87 2 68 6
8
65 70 92 79 24 7 18 68
10
45 73 92 79 0 80 62 68 21 6
10
68 65 92 57 79 7 50 60 18 75
10
9 65 92 28 34 38 79 35 68 6
11
73 92 28 87 53 52 56 80 18 68 21
9
40 85 92 28 0 72 80 18 21
10
65 31 73 92 27 87 33 68 21 6
9
23 51 97 92 54 56 80 8 88
9
23 51 97 92 54 56 80 8 88
9
46 97 92 54 56 80 8 88 44
9
31 97 92 33 0 80 8 75 88
9
31 97 92 60 33 57 80 8 88
8
40 65 97 92 54 56 8 88
10
46 97 92 60 54 57 56 80 8 88
8
65 31 97 92 33 0 8 88
7
65 97 92 54 56 8 88
10
78 22 89 34 4 35 83 91 1 75
9
30 89 66 27 71 91 82 1 32
9
78 89 27 41 36 91 82 37 1
9
62 89 66 57 7 71 91 82 60
9
78 89 57 0 7 83 71 91 60
9
23 11 89 66 57 83 71 91 60
9
78 89 34 4 1 35 83 91 13
9
29 89 66 0 7 71 91 82 32
9
78 91 34 27 0 35 86 82 1
10
78 91 34 57 35 83 86 60 1 75
9
78 17 51 89 7 83 71 91 13
9
22 89 66 4 71 91 82 1 75
9
89 66 57 0 7 83 71 91 60
10
30 78 89 36 37 91 82 41 1 32
9
40 23 78 91 34 7 35 86 82
10
62 78 60 91 36 57 7 83 86 37
10
65 46 76 66 91 54 7 56 71 86
8
65 66 91 54 7 56 71 86
9
65 43 89 66 54 7 56 71 91
9
78 91 34 4 1 35 83 86 13
10
29 78 89 34 4 35 83 91 1 32
9
51 89 66 54 7 56 71 91 82
9
5 17 66 91 7 83 71 86 13
9
78 89 34 4 35 91 82 1 75
10
30 89 66 36 7 37 83 91 41 32
9
5 78 89 34 7 35 83 91 13
10
78 89 60 36 57 4 7 83 91 37
9
78 51 89 36 4 83 91 37 1
9
30 51 89 66 7 83 71 91 32
9
29 89 66 0 83 71 91 1 32
8
89 66 57 7 83 71 91 60
9
51 66 91 54 7 56 71 86 82
10
30 78 91 36 0 83 86 37 1 32
10
78 89 34 54 7 35 56 91 82 44
9
29 78 89 1 83 71 91 13 32
10
78 91 34 57 7 35 86 82 60 75
10
78 89 34 57 0 35 83 91 60 1
10
29 78 89 34 35 83 91 41 1 32
10
62 78 89 34 57 7 35 91 82 60
10
78 22 89 34 57 7 35 83 91 60
10
62 78 89 60 36 57 7 91 82 37
9
30 66 91 4 83 71 86 1 32
9
29 89 66 0 7 71 91 82 32
10
23 78 76 89 34 82 7 35 91 47
9
89 66 4 1 83 71 91 13 75
8
89 66 4 1 83 71 91 13
9
30 65 89 66 7 71 91 75 32
10
30 78 65 89 34 35 91 41 1 32
9
62 89 66 53 7 83 56 71 91
9
11 46 89 66 54 56 71 91 82
10
78 76 91 36 0 1 86 82 37 13
10
78 89 34 0 1 35 91 82 13 75
10
62 78 89 34 57 35 83 91 60 1
9
23 78 89 53 7 83 56 71 91
10
78 91 34 57 4 7 35 83 86 60
9
30 66 91 0 7 71 86 82 32
9
5 66 91 53 7 83 56 71 86
10
78 46 89 34 54 7 35 56 91 82
10
22 66 60 91 36 57 7 86 82 37
9
78 91 34 4 1 35 86 82 13
9
51 89 66 54 7 56 71 91 82
10
29 78 91 34 35 86 82 41 1 32
9
65 66 91 57 0 7 71 86 60
10
62 78 11 89 34 57 35 91 82 60
10
22 66 91 34 57 35 86 82 60 1
9
5 17 66 91 7 83 71 86 13
9
66 91 82 57 7 71 86 47 60
9
5 17 66 91 7 83 71 86 13
10
78 65 91 34 53 35 56 43 86 1
10
30 78 91 36 7 37 83 86 41 32
9
11 51 66 91 53 56 71 86 82
10
29 78 91 34 27 35 83 86 1 32
9
29 66 91 7 71 86 82 41 32
9
11 22 66 91 83 71 86 47 41
10
30 78 89 36 0 91 82 37 1 32
10
30 78 91 36 1 83 86 37 13 32
9
66 91 36 0 1 86 82 37 13
10
62 78 91 34 53 7 35 56 86 82
9
5 89 66 0 4 83 71 91 13
10
30 78 89 34 0 7 35 91 82 32
10
29 66 91 34 0 7 35 83 86 32
10
30 78 89 34 35 7 91 82 75 32
9
62 89 43 66 7 71 91 82 44
10
30 78 51 91 34 35 7 83 86 32
10
46 76 66 91 54 7 83 56 71 86
9
66 91 57 4 7 71 86 82 60
9
78 91 34 4 7 35 83 86 13
9
89 66 54 7 56 71 91 82 44
9
40 78 11 17 91 36 83 86 37
9
29 66 91 0 7 71 86 82 32
9
5 76 89 66 0 83 71 91 1
10
66 91 34 57 7 35 86 82 60 13
9
22 66 91 57 7 71 86 82 60
10
62 78 65 91 34 57 35 86 60 1
10
30 78 91 36 4 83 86 37 1 32
10
78 60 34 91 57 7 35 83 86 41
9
51 89 66 54 7 56 71 91 82
10
78 51 91 34 54 7 35 56 83 86
9
78 65 91 34 54 7 35 56 86
9
78 11 22 51 91 82 71 86 47
9
30 89 66 1 71 91 82 13 32
9
29 66 91 0 7 71 86 82 32
9
51 89 66 54 7 56 71 91 82
10
76 66 91 34 57 35 86 82 60 1
8
65 66 91 4 1 71 86 13
9
66 91 4 1 83 71 86 41 13
8
78 91 0 1 71 86 82 13
9
30 65 66 91 4 71 86 1 32
9
5 66 91 0 7 83 71 86 13
9
23 66 91 57 7 71 86 82 60
10
62 78 91 34 53 7 35 56 83 86
10
62 11 65 66 91 54 36 56 86 37
8
39 11 16 49 93 91 82 96
8
40 11 16 93 49 83 91 96
8
39 11 65 16 49 93 91 96
8
39 11 16 49 93 91 82 96
8
39 11 65 16 49 93 91 96
8
40 11 16 93 49 83 91 96
8
39 11 65 16 49 93 91 96
8
39 11 16 49 93 91 82 96
8
40 11 16 93 49 83 91 96
8
39 11 16 49 93 91 82 96
8
39 11 65 16 49 93 91 96
8
39 11 65 16 49 93 91 96
8
39 11 65 16 49 93 91 96
8
39 11 16 49 93 91 82 96
8
39 11 16 49 93 91 82 96
