77
6
0 3 15 1 16 1
4
1 1 10 1
6
1 1 2 1 10 1
6
1 1 2 1 6 2
6
3 1 8 1 11 1
4
4 2 7 1
4
5 1 16 4
4
6 2 12 2
4
7 1 18 1
4
7 1 10 1
4
7 1 8 1
4
7 1 20 2
6
9 1 13 2 18 1
2
10 3
2
10 2
2
11 1
4
14 1 18 2
2
16 4
4
17 1 19 1
2
21 2
4
21 2 86 2
6
22 1 23 1 25 1
6
24 2 34 1 39 1
4
25 1 27 2
4
25 2 33 1
4
25 2 32 1
6
25 1 29 1 32 1
4
25 1 41 2
6
26 1 32 1 42 1
6
28 1 36 2 40 1
4
30 2 31 1
4
34 1 37 2
6
34 1 35 3 38 1
4
43 1 47 1
6
44 1 48 1 49 1
4
45 2 63 2
6
46 1 48 2 55 1
4
48 1 54 2
6
48 2 50 1 52 1
4
48 2 53 1
4
51 2 64 1
2
56 3
4
57 3 61 1
6
58 1 60 2 62 1
4
59 1 63 3
4
60 1 63 3
4
65 1 82 4
2
65 5
2
66 4
4
67 4 72 1
2
67 4
2
68 3
4
68 4 69 1
2
70 1
2
71 4
2
72 1
2
73 4
4
74 4 75 2
2
75 2
4
76 2 84 4
4
77 1 78 3
4
78 1 93 1
2
79 4
2
80 4
2
81 4
2
81 4
2
83 5
2
85 2
2
86 2
2
87 4
2
88 1
2
89 4
4
90 8 92 4
4
91 8 92 5
2
94 6
2
94 2
6
95 1 96 1 97 1
