384
10
90 96 40 23 73 52 33 85 7 48
10
90 96 40 23 73 52 33 85 50 7
10
90 96 40 23 73 52 33 85 7 48
10
90 96 40 23 73 52 33 85 7 48
10
90 96 40 23 73 52 33 85 7 48
10
90 96 40 23 73 52 33 85 7 48
10
90 96 40 23 73 52 33 85 7 48
9
90 40 23 96 52 85 33 7 48
10
90 96 40 23 73 52 33 85 7 48
10
90 96 40 23 73 52 33 85 7 48
10
90 96 40 23 73 52 33 85 7 48
10
90 96 40 23 73 52 33 85 7 48
10
90 96 40 23 73 52 33 85 7 48
10
90 96 40 23 73 52 33 85 7 48
10
90 96 40 23 73 52 33 85 7 48
10
90 96 40 23 73 52 33 85 7 48
10
90 96 40 23 73 52 33 85 7 48
10
90 96 40 23 73 52 33 85 7 48
10
90 96 40 23 73 52 33 85 7 48
10
90 96 40 23 73 52 33 85 7 48
10
90 96 40 23 73 52 33 85 7 48
10
90 96 40 23 73 52 33 85 7 48
10
90 96 40 23 73 52 33 85 7 48
10
90 96 40 23 73 52 33 85 50 7
10
90 96 40 23 73 52 33 85 7 48
10
90 96 40 23 73 52 33 85 7 48
10
90 96 40 23 73 52 33 85 7 48
10
90 96 40 23 73 52 33 85 7 48
10
90 96 40 23 73 52 33 85 7 48
10
90 96 40 23 73 52 33 85 7 48
10
90 96 40 23 73 52 33 85 7 48
10
90 96 40 23 73 52 33 85 7 48
10
90 96 40 23 73 52 33 85 7 48
10
90 96 40 23 73 52 33 85 7 48
10
90 96 40 23 73 52 33 85 7 48
10
90 96 40 23 73 52 33 85 7 48
10
90 96 40 23 73 52 33 85 7 48
10
90 96 40 23 73 52 33 85 7 48
10
90 96 40 23 73 52 33 85 7 48
10
90 96 40 23 73 52 33 85 7 48
10
90 96 40 23 73 52 33 85 7 48
10
90 96 40 23 73 52 33 85 7 48
10
90 96 40 23 73 52 33 85 7 48
10
90 96 40 23 73 52 33 85 7 48
10
57 90 96 40 73 52 85 7 54 48
10
90 96 40 23 73 52 33 85 7 48
10
90 96 40 23 73 52 33 85 50 7
10
90 96 40 23 73 52 33 85 7 48
10
90 96 40 23 73 52 33 85 7 48
10
90 96 40 23 73 52 33 85 7 48
10
90 96 40 23 73 52 33 85 7 48
10
90 96 40 23 73 52 33 85 7 48
10
90 96 40 23 73 52 33 85 7 48
10
90 96 40 23 73 52 33 85 7 48
10
90 96 40 23 73 52 33 85 7 48
10
90 96 40 23 73 52 33 85 50 7
10
90 96 40 23 73 52 33 85 7 48
10
90 96 40 23 73 52 33 85 7 48
10
90 96 40 23 73 52 33 85 7 48
10
90 96 40 23 73 52 33 85 7 48
10
90 96 40 23 73 85 33 7 28 48
10
90 96 40 23 73 85 33 7 28 48
10
90 96 40 23 73 85 33 7 28 48
10
90 96 40 23 73 85 33 50 7 28
10
90 96 40 23 73 85 33 7 28 48
10
90 96 40 23 73 85 33 50 7 28
10
90 96 40 23 73 85 33 7 28 48
10
90 96 40 23 73 85 33 7 28 48
10
90 96 40 23 73 85 33 7 28 48
10
90 96 40 23 73 85 33 7 28 48
10
3 90 96 23 73 85 33 7 28 48
10
90 96 40 23 73 85 33 7 28 48
10
90 96 40 23 73 85 33 7 28 48
10
90 96 40 23 73 85 33 7 28 48
10
90 96 40 23 73 85 33 7 28 48
10
90 96 40 23 73 85 33 7 28 48
10
90 96 40 23 73 85 33 7 28 48
10
90 96 40 23 73 85 33 7 28 48
10
90 96 40 23 73 85 33 7 28 48
10
90 96 40 23 73 85 33 7 28 48
10
90 96 40 23 73 85 33 7 28 48
10
90 96 40 23 73 85 33 7 28 48
10
90 96 40 23 73 85 33 7 28 48
10
90 96 40 23 73 85 33 7 28 48
10
90 96 40 23 73 85 33 7 28 48
10
90 96 40 23 73 85 33 7 28 48
10
90 96 40 23 73 85 33 7 28 48
10
90 96 40 23 73 85 33 7 28 48
10
90 96 40 23 73 85 33 7 28 48
10
90 96 40 23 73 85 33 50 7 28
10
90 96 40 23 73 85 33 7 28 48
10
90 96 40 23 73 85 33 7 28 48
10
57 53 90 96 40 73 85 7 28 48
10
90 96 40 23 73 85 33 7 28 48
10
90 96 40 23 73 85 33 50 7 28
10
90 96 40 23 73 85 33 7 28 48
10
90 96 40 23 73 85 33 7 28 48
10
90 96 40 23 73 85 33 7 28 48
10
90 96 40 23 73 85 33 7 28 48
11
90 40 23 73 70 85 33 7 28 67 48
10
90 96 40 23 73 85 33 7 28 48
10
90 96 40 23 73 85 33 7 28 48
10
90 96 40 23 73 85 33 7 28 48
10
90 96 40 23 73 85 33 7 28 48
10
90 96 40 23 73 85 33 7 28 48
10
90 96 40 23 73 85 33 7 28 48
10
90 96 40 23 73 85 33 7 28 48
10
90 96 40 23 73 85 33 7 28 48
10
90 96 40 23 73 85 33 7 28 48
10
90 96 40 23 73 85 33 7 28 48
10
90 96 40 23 73 85 33 7 28 48
10
90 96 40 23 73 85 33 7 28 48
10
90 96 40 23 73 85 33 7 28 48
9
90 40 23 96 85 33 7 28 48
10
90 96 40 23 73 85 33 7 28 48
10
90 96 40 23 73 85 33 50 7 28
10
90 96 40 23 73 85 33 7 28 48
10
90 96 40 23 73 85 33 50 7 28
10
90 96 40 23 73 85 33 50 7 28
8
91 24 38 50 85 11 28 97
8
91 24 38 52 50 85 11 97
8
91 24 38 52 50 85 11 97
8
91 24 38 52 50 85 11 97
8
91 24 38 52 50 85 11 97
8
91 24 38 50 85 11 28 97
8
91 24 38 85 11 28 97 48
8
91 24 38 85 11 28 97 48
8
91 24 38 85 11 28 97 48
8
91 24 38 85 11 28 97 48
8
91 24 38 85 11 28 97 48
8
91 24 38 85 11 28 97 48
8
91 24 38 85 11 28 97 48
8
91 24 38 85 11 28 97 48
8
26 76 78 9 22 0 80 77
9
32 76 87 22 30 36 21 47 5
11
51 46 25 22 87 36 16 45 47 5 4
11
51 76 70 0 87 16 35 27 94 5 67
11
71 87 22 0 72 16 27 12 5 79 68
10
40 87 22 72 80 95 47 12 5 77
10
51 59 76 87 22 30 16 47 62 15
10
13 46 44 87 80 95 88 47 5 98
10
26 51 76 25 22 87 16 35 47 94
12
51 42 25 37 70 87 72 80 47 94 5 67
9
42 87 22 72 16 45 35 47 27
9
17 76 81 87 22 16 35 47 18
9
76 5 70 87 16 45 47 19 67
11
57 17 53 87 22 72 80 35 47 5 15
11
51 46 25 0 87 80 45 35 5 77 98
11
78 65 70 87 72 16 35 47 19 66 67
11
5 71 87 22 72 80 35 47 82 79 68
8
1 42 46 40 87 21 5 98
9
67 46 70 22 87 36 21 5 98
10
57 51 46 87 22 61 21 35 8 54
10
42 46 44 87 22 2 35 47 27 5
9
17 76 5 87 30 16 45 47 74
10
76 71 87 22 0 16 35 27 8 68
9
76 81 87 36 16 45 2 47 98
10
76 71 87 22 16 45 47 19 4 68
10
26 46 81 87 22 21 2 47 27 94
8
32 87 22 30 72 47 5 18
9
51 46 87 22 16 45 47 27 12
8
75 87 50 60 10 62 29 39
8
42 46 44 87 16 45 47 27
8
32 26 76 87 22 16 47 79
9
26 51 46 25 0 87 16 4 98
9
76 87 22 0 16 95 60 62 15
9
17 46 87 22 0 16 95 5 79
10
42 76 13 87 22 16 45 47 5 4
10
76 71 87 31 30 16 35 47 12 68
10
76 87 22 0 21 58 88 56 5 29
10
26 76 87 22 0 55 16 58 79 98
11
76 9 22 87 16 35 47 27 5 79 15
10
26 42 46 25 0 87 55 16 58 94
10
87 22 72 16 60 35 47 10 62 15
10
1 51 46 87 22 16 88 47 12 79
10
59 76 87 22 16 47 62 12 5 15
10
78 46 5 87 22 0 79 21 19 77
11
76 5 87 22 0 55 16 58 35 19 77
9
42 87 22 49 72 21 45 2 27
9
81 87 0 72 36 21 45 35 4
8
26 87 22 72 80 88 27 19
9
26 42 46 70 22 87 16 5 67
9
1 76 71 87 16 47 12 5 68
9
46 87 30 61 36 21 35 47 82
11
42 76 87 22 80 43 45 88 47 5 98
11
67 81 70 22 87 72 80 45 47 5 98
10
57 53 46 87 22 16 35 47 27 15
11
1 76 71 87 22 49 80 95 2 5 68
9
57 51 87 72 16 35 47 15 54
10
26 51 76 71 87 22 0 16 79 68
9
51 87 22 0 72 16 2 10 8
9
51 46 87 22 30 61 0 16 8
10
51 76 87 31 16 60 47 62 5 15
10
42 46 44 87 22 36 16 47 27 4
10
51 76 13 70 22 0 87 16 82 67
10
26 76 70 22 0 87 16 35 27 67
10
1 46 5 87 22 61 16 95 12 8
9
32 76 87 22 30 0 21 5 15
9
57 76 87 22 16 95 47 27 54
9
14 81 87 22 0 72 16 45 35
11
59 46 87 22 0 16 95 62 5 79 15
9
46 81 87 0 40 36 16 45 98
9
57 17 46 87 16 2 19 4 54
9
51 46 87 22 80 47 27 94 82
9
26 46 87 22 30 0 16 27 5
9
46 87 0 16 45 35 94 5 4
11
26 51 46 25 22 0 87 16 35 94 5
10
46 5 87 0 30 80 58 56 35 19
10
51 76 87 22 0 16 43 88 5 18
10
42 76 87 22 0 16 45 35 5 4
9
76 87 22 36 16 35 47 27 98
10
1 76 71 87 22 0 98 16 35 68
9
42 44 87 37 72 16 45 47 4
10
26 51 17 76 87 22 0 16 88 5
9
51 87 22 55 72 16 58 47 27
9
76 5 70 87 16 47 94 19 67
10
46 71 87 22 61 0 16 12 5 68
9
26 76 87 22 0 55 16 58 27
10
13 65 46 87 22 0 21 19 8 66
10
46 40 25 22 0 87 16 95 27 12
8
42 76 87 16 45 47 5 98
9
76 5 87 36 16 47 27 94 19
9
32 51 87 22 72 16 45 47 18
9
42 76 87 22 16 47 27 79 15
9
59 46 87 0 16 95 62 8 15
10
1 76 87 22 16 60 62 12 79 15
7
46 87 0 16 95 94 8
9
76 87 22 61 0 16 35 82 8
9
76 87 22 30 61 0 16 95 5
10
46 65 71 96 87 22 16 19 66 68
10
42 76 44 87 37 22 0 16 2 4
11
25 22 87 55 72 16 58 35 47 94 5
10
1 76 87 22 0 16 35 27 82 77
10
32 42 46 87 31 22 16 45 47 27
8
42 76 87 16 45 2 35 27
11
51 46 65 44 25 22 0 87 45 27 66
10
42 76 87 22 16 45 2 35 47 4
9
46 44 87 81 16 45 5 98 18
9
57 53 87 72 21 35 47 98 18
9
51 59 87 72 16 35 47 62 12
9
1 76 71 87 16 47 5 79 68
10
1 5 71 87 30 72 21 12 8 68
9
64 83 87 0 93 60 10 62 63
7
64 83 87 0 93 88 63
8
64 83 87 93 60 88 62 63
8
69 83 71 87 30 93 47 10
8
69 83 71 87 30 93 60 62
8
69 83 71 87 0 30 93 35
6
83 87 37 93 60 62
8
64 83 87 0 30 93 74 63
8
32 69 83 71 87 37 0 93
7
83 87 31 93 60 62 8
9
64 69 83 71 87 30 93 12 63
7
69 83 71 87 31 93 47
8
69 83 71 87 0 30 93 35
9
17 84 20 50 43 2 29 86 39
9
59 84 20 50 36 62 29 86 39
9
57 51 84 65 50 86 66 54 39
9
84 20 9 49 60 62 29 86 39
9
84 20 70 50 86 35 29 67 39
10
57 84 65 50 16 6 66 29 54 86
10
64 84 70 0 86 95 39 29 67 63
10
64 84 78 50 88 35 39 29 86 63
10
64 59 75 50 62 6 8 29 86 63
8
17 84 20 50 6 74 29 86
9
84 20 9 50 43 2 29 86 39
10
64 84 20 70 49 86 39 29 67 63
9
14 3 84 20 70 50 86 67 39
10
64 84 78 9 37 50 39 29 86 63
9
14 3 84 20 50 43 2 86 39
10
3 84 65 25 50 88 6 74 66 86
9
57 84 20 50 86 2 29 54 39
9
59 84 20 49 88 62 6 29 86
9
84 20 70 50 86 10 29 67 39
9
84 20 70 50 86 95 29 67 39
9
51 84 65 50 60 62 66 86 39
9
84 20 70 9 50 86 29 67 39
9
84 20 70 49 86 95 29 67 39
8
59 84 20 49 88 62 86 39
9
51 84 20 70 50 86 29 67 39
9
84 20 70 0 86 36 29 67 39
10
57 3 84 20 25 50 86 43 54 39
9
57 84 20 50 86 88 29 54 39
10
51 3 84 65 70 50 86 66 67 39
8
64 63 84 20 9 50 86 39
8
84 20 70 50 86 95 67 39
9
84 65 50 88 82 66 29 86 39
9
84 20 9 50 60 62 29 86 39
9
3 84 13 20 50 43 35 86 39
8
84 20 9 70 50 86 67 39
9
64 59 84 50 36 39 62 86 63
9
14 17 3 84 20 50 74 86 39
9
14 84 20 50 43 74 29 86 39
10
57 84 53 65 50 74 66 29 86 39
9
14 3 84 20 50 43 2 86 39
9
84 20 50 36 60 62 29 86 39
10
3 84 13 65 49 88 35 6 66 86
10
64 84 78 20 50 35 39 29 86 63
9
1 84 20 50 60 62 6 29 86
9
17 84 20 50 43 74 29 86 39
9
57 3 84 53 20 50 2 86 39
9
17 84 20 37 49 43 29 86 39
10
32 84 65 70 50 86 66 29 67 39
10
57 51 84 65 0 86 66 29 54 39
10
65 75 70 49 95 6 66 29 67 86
9
84 20 70 0 86 95 29 67 39
10
84 65 50 36 58 56 66 29 86 39
9
57 17 3 84 53 20 50 86 39
9
84 20 50 58 88 56 29 86 39
9
57 3 84 13 20 50 6 54 86
9
57 84 20 49 88 6 29 54 86
9
57 17 3 84 20 50 86 54 39
10
57 84 65 50 86 36 66 29 54 39
8
84 20 31 50 95 29 86 39
10
17 84 65 37 0 74 66 29 86 39
9
57 64 75 49 86 6 29 54 63
10
64 3 75 70 37 49 86 39 67 63
10
65 75 50 36 58 56 66 29 86 39
10
57 65 75 49 36 6 66 29 54 86
9
17 65 75 49 6 74 66 29 86
9
75 20 49 36 60 62 6 29 86
10
65 75 70 49 95 6 66 29 67 86
8
84 20 49 36 60 62 86 39
9
57 13 75 20 49 6 29 54 86
8
64 75 9 50 88 6 86 63
10
64 75 0 60 10 6 62 29 86 63
10
57 53 65 75 49 2 6 66 29 86
10
64 78 75 49 2 35 6 29 86 63
9
3 13 75 20 49 43 35 6 86
9
59 65 75 23 49 62 6 66 86
9
75 20 49 33 60 62 6 29 86
9
17 65 75 49 2 6 66 29 86
9
57 3 75 20 50 43 6 54 86
10
65 75 70 49 43 6 66 29 67 86
10
3 65 75 49 43 35 6 74 66 86
9
75 20 49 43 2 35 6 29 86
9
75 20 70 9 50 86 29 67 39
10
65 75 70 49 95 6 66 29 67 86
10
65 75 49 43 2 35 6 66 29 86
9
3 13 75 20 70 49 6 67 86
9
75 20 70 50 95 6 29 67 86
10
14 57 65 75 49 6 66 29 54 86
9
17 75 20 37 49 6 74 29 86
9
57 75 20 37 49 6 29 54 86
10
1 59 65 75 50 62 6 66 29 86
9
17 65 75 49 2 6 66 29 86
10
57 64 75 50 86 95 39 29 54 63
10
57 84 20 25 31 0 6 29 54 86
10
51 65 75 70 50 86 66 29 67 39
10
3 13 65 75 50 43 35 6 66 86
10
57 51 3 65 75 49 6 66 54 86
10
65 75 70 49 16 6 66 29 67 86
10
64 3 75 70 49 86 95 6 67 63
10
65 75 49 16 58 56 6 66 29 86
9
3 13 75 20 49 60 62 6 86
10
57 51 3 65 75 0 6 66 54 86
9
57 65 75 49 6 66 29 54 86
10
57 65 75 49 86 2 66 29 54 39
10
57 65 75 50 86 95 66 29 54 39
10
14 3 65 75 70 49 6 66 67 86
9
51 59 75 20 49 62 6 29 86
10
57 65 75 49 88 6 66 29 54 86
10
14 3 65 75 37 49 88 6 66 86
9
59 75 20 49 95 62 6 29 86
10
57 17 65 75 0 6 66 29 54 86
9
32 64 3 13 75 0 6 86 63
9
14 3 65 75 49 2 6 66 86
9
57 75 20 0 2 6 29 54 86
10
65 75 70 50 10 6 66 29 67 86
9
75 20 49 60 62 6 8 29 86
10
57 65 75 49 86 36 66 29 54 39
10
57 51 53 65 75 49 6 66 29 86
10
14 3 65 75 37 49 2 6 66 86
10
57 65 75 0 6 74 66 29 54 86
10
64 75 70 49 86 88 6 29 67 63
7
78 89 34 92 73 49 86
7
78 89 34 92 73 49 86
7
78 89 34 92 0 73 86
7
78 89 34 92 73 49 86
7
78 89 34 92 73 49 86
7
78 89 34 92 0 73 86
7
78 89 34 92 0 73 86
7
78 89 34 92 73 49 86
7
78 89 34 92 73 49 86
