76
2
0 5
4
1 1 32 1
4
2 2 17 2
4
3 1 45 2
6
3 1 27 1 98 1
6
4 1 27 1 42 2
4
5 2 40 2
4
5 1 75 4
2
6 4
4
7 3 21 1
2
7 5
6
8 1 33 2 62 1
6
9 1 10 1 24 1
6
11 1 30 1 41 1
6
12 1 68 1 95 1
6
13 1 14 1 29 1
4
15 1 96 2
2
16 4
4
16 2 80 1
2
18 1
6
19 1 63 1 78 2
2
20 4
2
22 5
4
23 1 94 1
4
23 2 26 1
6
23 1 55 1 58 1
6
23 1 53 1 57 1
6
23 2 25 1 57 1
4
23 1 88 2
4
28 4 35 3
4
29 1 40 2
4
29 1 40 1
4
29 1 43 2
4
29 1 79 2
4
29 1 40 1
2
30 1
6
31 1 34 1 61 1
4
33 1 60 2
2
33 3
4
33 2 59 1
4
36 2 69 1
4
37 2 52 4
4
38 1 39 4
4
40 2 41 1
2
44 1
2
46 3
2
47 2
2
47 2
2
48 6
2
48 2
2
49 4
2
50 5
6
51 2 66 2 82 1
6
54 2 56 1 57 1
2
62 2
6
63 1 64 2 66 2
2
65 3
2
67 3
6
70 3 71 2 97 1
2
72 2
6
73 3 74 1 81 1
2
73 5
2
73 1
2
76 3
2
77 1
2
83 1
2
84 3
2
84 1
4
85 8 87 4
4
86 8 87 4
4
89 1 90 5
2
90 3
6
91 1 92 1 93 1
2
95 1
2
96 3
2
96 3
