396
6
13 18 92 44 77 89
9
62 25 60 44 57 41 15 89 87
9
25 80 56 78 18 10 13 89 87
10
36 25 80 18 67 57 46 13 89 66
9
45 80 56 78 31 67 13 89 66
9
25 56 18 67 41 15 84 89 66
9
88 97 31 59 18 44 55 77 4
9
88 97 31 59 18 44 55 77 4
9
88 97 31 59 18 44 55 77 4
9
88 97 31 59 18 44 55 77 4
9
88 97 31 59 18 44 55 77 4
9
88 97 31 59 18 44 55 77 4
9
88 97 31 59 18 44 57 77 4
9
88 97 31 59 18 44 55 77 4
9
88 97 31 59 18 44 55 77 4
9
88 97 31 59 18 44 55 77 4
9
88 97 31 59 18 44 55 77 4
9
88 97 31 59 18 44 57 77 4
9
88 97 31 59 18 44 57 77 4
9
88 97 31 59 18 44 55 77 4
9
88 97 31 59 18 44 55 77 4
9
88 97 31 59 18 44 55 77 4
9
88 97 31 59 18 44 55 77 4
9
88 97 31 59 18 44 55 77 4
8
88 97 31 59 18 44 57 4
9
88 91 97 31 59 18 44 55 4
9
88 97 31 59 18 44 55 77 4
9
88 97 31 59 18 44 55 77 4
9
88 97 31 59 18 44 55 77 4
9
88 97 31 59 18 44 55 77 4
9
88 97 31 59 18 44 55 77 4
9
88 97 31 59 18 44 55 77 4
9
88 97 31 59 18 44 55 77 4
9
88 97 31 59 18 44 55 77 4
9
88 97 31 59 18 44 55 77 4
9
88 97 31 59 18 44 55 77 4
9
88 97 31 59 18 44 55 77 4
8
88 97 31 59 18 44 55 4
9
88 97 31 59 18 44 55 77 4
9
88 97 31 59 18 44 55 77 4
9
88 97 31 59 18 44 55 77 4
9
88 97 31 59 18 44 55 77 4
9
88 97 31 59 18 44 55 77 4
9
88 91 97 31 59 18 44 55 4
9
88 97 31 59 18 44 55 77 4
9
88 97 31 59 18 44 55 77 4
9
88 97 31 59 18 44 55 77 4
9
88 97 31 59 18 44 55 77 4
9
88 97 31 59 18 44 55 77 4
9
88 97 31 59 18 44 57 77 4
9
88 97 31 59 18 44 55 77 4
9
88 97 31 59 18 44 55 77 4
9
88 97 31 59 18 44 55 77 4
8
88 97 31 59 18 44 57 4
9
88 97 31 59 18 44 55 77 4
9
88 97 31 59 18 44 55 77 4
9
88 97 31 59 18 44 55 77 4
9
88 97 31 59 18 44 55 77 4
9
88 97 31 59 18 44 55 77 4
9
88 97 31 59 18 44 55 77 4
9
88 97 31 59 18 44 55 77 4
9
88 97 31 59 18 44 55 77 4
9
88 97 31 59 18 44 55 77 4
9
88 97 31 59 18 44 55 77 4
9
88 97 31 59 18 44 55 77 4
9
88 97 31 59 18 44 55 77 4
9
88 97 31 59 18 44 55 77 4
9
88 97 31 59 18 44 55 77 4
9
88 97 31 59 18 44 55 77 4
9
24 88 91 97 31 18 92 44 55
9
24 88 97 31 18 44 92 55 77
9
24 88 97 31 18 44 92 55 77
9
24 88 97 31 18 44 92 55 77
9
24 88 97 31 18 44 92 55 77
9
24 88 97 31 18 44 92 55 77
9
24 88 97 31 18 44 92 55 77
8
24 88 97 31 44 92 55 77
9
24 88 97 31 18 44 92 55 77
9
24 88 97 31 18 44 92 55 77
9
24 88 97 31 18 44 92 55 77
9
24 88 91 97 31 18 92 44 55
9
24 88 97 31 18 44 92 57 77
9
24 88 97 31 18 44 92 55 77
9
24 88 97 31 18 44 92 55 77
10
24 62 88 60 97 31 44 92 55 77
9
24 88 97 31 18 44 92 55 77
9
24 88 97 31 18 44 92 55 77
9
24 88 97 31 18 44 92 55 77
9
24 88 97 31 18 44 92 55 77
9
24 88 97 31 18 44 92 55 77
9
24 88 97 31 18 44 92 55 77
9
24 88 97 31 18 44 92 55 77
9
24 88 97 31 18 44 92 55 77
9
24 88 97 31 18 44 92 57 77
9
24 88 97 31 18 44 92 55 77
10
24 62 88 60 97 31 44 92 55 77
9
24 88 97 31 18 44 92 57 77
9
24 88 97 31 18 44 92 55 77
9
24 88 97 31 18 44 92 55 77
9
24 88 97 31 18 44 92 55 77
9
24 88 97 31 18 44 92 55 77
9
24 88 97 31 18 44 92 57 77
9
24 88 97 31 18 44 92 55 77
8
24 88 97 31 18 92 44 55
9
24 88 91 97 31 18 92 44 55
9
24 88 97 31 18 44 92 55 77
9
24 88 97 31 18 44 92 55 77
9
24 88 97 31 18 44 92 55 77
9
24 88 97 31 18 44 92 55 77
9
24 88 97 31 18 44 92 55 77
9
24 88 97 31 18 44 92 55 77
9
24 88 97 31 18 44 92 55 77
9
24 88 97 31 18 44 92 55 77
9
24 88 97 31 18 44 92 55 77
9
24 88 97 31 18 44 92 55 77
9
24 88 97 31 18 44 92 55 77
9
24 88 97 31 18 44 92 55 77
9
24 88 97 31 18 44 92 55 77
9
24 88 97 31 18 44 92 55 77
9
24 88 97 31 18 44 92 55 77
9
24 88 97 31 18 44 92 55 77
9
24 88 97 31 18 44 92 55 77
9
24 88 97 31 18 44 92 55 77
9
24 88 97 31 18 44 92 55 77
9
24 88 97 31 18 44 92 55 77
9
24 88 97 31 18 44 92 55 77
9
24 88 97 31 18 44 92 55 77
9
24 88 97 31 18 44 92 55 77
9
24 88 91 97 31 18 92 44 55
9
24 88 97 31 18 44 92 55 77
9
24 88 97 31 18 44 92 55 77
9
88 17 59 55 8 98 40 32 93
9
88 17 59 55 8 98 40 32 93
9
88 17 59 55 8 98 40 32 93
9
88 17 59 55 8 98 40 32 93
9
88 17 59 8 98 40 32 57 93
9
88 17 59 8 98 40 32 57 93
9
88 17 59 8 98 40 32 57 93
9
24 88 17 8 98 40 32 57 93
9
24 88 17 8 98 40 32 57 93
9
24 88 17 55 8 98 40 32 93
9
24 88 17 55 8 98 40 32 93
9
24 88 17 55 8 98 40 32 93
9
24 88 17 55 8 98 40 32 93
9
37 2 52 26 81 14 82 83 43
8
37 52 86 81 82 6 43 83
10
37 34 58 52 64 79 53 30 0 65
10
70 37 34 78 72 28 3 16 51 39
9
37 36 100 52 51 23 14 43 48
11
95 20 37 22 34 52 81 14 43 48 29
9
36 91 78 100 58 52 23 28 16
11
63 20 37 22 58 52 51 47 43 48 61
9
91 34 58 52 51 16 14 82 84
8
1 100 33 52 43 48 29 39
10
37 36 1 52 51 47 14 43 5 29
9
37 36 2 74 52 71 47 43 7
9
37 34 38 52 54 47 14 43 84
9
37 36 100 52 47 81 43 48 39
9
37 9 52 12 47 81 14 43 48
9
37 2 45 76 38 52 71 26 73
10
37 9 34 100 52 51 12 47 14 43
10
37 34 100 52 47 81 3 14 82 43
8
63 22 52 26 14 82 61 43
10
95 20 37 22 100 74 52 23 16 48
10
37 34 1 33 52 47 81 3 14 43
9
1 5 47 53 81 43 7 84 29
9
9 76 51 47 30 3 16 99 43
10
37 22 34 52 71 47 73 81 43 48
9
95 21 38 52 28 51 3 14 43
10
63 37 34 52 23 27 81 16 3 61
10
37 34 52 86 96 47 3 99 43 84
9
37 9 76 52 96 47 81 43 48
9
85 37 51 23 54 47 16 14 43
9
37 36 52 51 12 71 73 14 43
10
37 36 34 52 51 86 47 14 43 5
9
37 36 2 9 76 52 71 73 43
10
20 37 49 74 52 86 47 3 6 43
10
95 36 37 2 90 74 58 64 23 65
8
91 34 100 52 23 28 16 48
10
63 37 36 1 74 42 53 16 51 29
9
95 36 45 21 90 52 23 16 51
10
37 36 45 34 51 86 14 43 5 29
10
63 36 2 21 34 58 52 14 51 61
9
37 47 3 14 6 82 84 83 43
10
37 36 52 71 47 73 81 14 43 7
8
45 52 71 47 3 14 43 5
11
37 36 2 90 33 52 51 30 99 43 84
11
63 95 36 20 37 29 52 51 3 43 61
9
37 49 100 52 23 28 3 14 43
7
37 36 52 96 14 6 43
9
63 100 52 50 27 47 43 48 61
9
91 34 100 52 47 14 43 68 39
9
63 36 21 52 23 47 16 14 61
8
2 90 52 23 28 47 14 43
10
37 36 49 34 52 50 28 14 43 29
10
37 36 21 100 52 51 23 3 43 48
9
63 37 34 38 52 28 16 48 61
9
37 78 100 52 28 81 3 43 48
9
37 22 90 52 23 47 53 43 29
9
2 34 52 12 71 47 7 16 77
9
37 36 34 76 52 23 12 47 43
9
37 1 33 52 51 47 3 14 43
8
37 2 34 52 50 23 28 43
9
85 37 91 74 52 54 47 16 3
10
37 34 100 33 52 74 42 47 3 43
10
37 34 52 71 96 47 81 16 99 3
9
95 20 37 25 21 52 81 43 48
9
95 37 21 100 52 38 81 14 48
8
37 22 100 52 47 14 43 83
9
37 36 52 23 10 50 28 43 48
9
85 22 52 23 54 47 3 16 51
9
85 37 34 33 52 47 43 5 29
9
37 100 33 52 51 42 14 43 5
11
63 20 37 91 34 52 81 3 43 48 61
10
37 34 1 52 42 47 16 14 3 29
11
20 36 37 34 100 52 86 47 3 16 51
9
37 100 52 23 47 81 16 3 48
9
63 37 49 34 38 52 28 48 61
10
37 36 9 76 52 96 47 16 51 48
8
95 36 37 21 38 52 28 48
9
34 52 23 26 3 16 14 46 51
10
37 91 34 52 50 23 28 3 43 29
8
34 96 47 81 14 43 48 39
10
37 36 34 38 75 10 50 81 3 43
9
95 20 34 21 52 27 3 43 48
8
37 36 100 52 28 14 43 48
9
37 36 26 96 16 99 14 43 84
9
95 34 100 52 47 3 14 82 43
9
85 37 2 34 52 3 51 5 43
10
37 90 100 52 51 23 28 47 43 29
10
37 52 50 86 47 30 27 53 14 29
10
37 34 1 52 51 42 26 16 43 29
10
63 36 34 52 23 16 14 51 48 61
11
6 20 37 2 58 52 51 16 35 43 83
11
95 36 20 37 21 74 52 28 43 48 29
8
37 36 76 52 12 96 3 43
9
37 52 28 47 3 14 43 48 39
9
37 36 22 34 52 54 81 14 43
9
37 49 34 90 47 53 67 43 66
10
37 76 52 51 27 47 99 43 48 29
9
85 37 52 12 71 96 14 99 43
9
37 51 12 71 96 14 99 43 39
10
37 91 78 86 47 30 3 14 51 84
8
37 100 52 23 47 16 14 7
9
85 37 49 38 52 54 47 53 43
9
37 74 52 86 26 16 14 43 5
9
37 52 26 53 14 82 5 84 43
11
37 36 52 51 71 96 73 47 14 99 43
9
63 91 52 51 26 14 82 61 83
10
37 34 1 33 52 42 47 14 43 29
10
37 48 49 34 74 52 47 16 14 84
9
9 34 12 71 47 23 81 16 3
10
37 36 45 52 51 12 71 73 14 43
9
85 37 52 23 54 47 16 46 51
9
37 34 52 71 26 53 14 82 43
8
34 52 42 47 16 14 3 5
10
37 36 9 51 96 47 14 99 43 29
10
37 36 1 52 51 47 14 43 5 84
9
70 25 72 57 46 15 89 41 87
9
37 9 52 96 47 3 14 43 39
9
37 36 9 76 52 23 71 16 99
9
95 37 34 21 52 27 14 43 48
8
37 52 42 53 26 0 6 51
10
62 37 60 74 52 26 53 30 0 51
8
52 26 53 81 3 0 51 7
6
37 42 26 0 6 51
9
37 52 42 53 30 26 3 0 51
10
37 34 58 52 75 26 53 30 6 3
7
37 42 26 30 0 6 51
10
34 76 52 53 73 30 0 6 51 7
8
37 58 52 26 53 0 6 51
9
37 52 42 53 30 26 0 3 77
8
37 91 74 52 26 53 0 51
9
87 25 56 64 5 41 15 89 65
10
70 25 72 67 57 41 3 13 89 66
10
25 65 80 13 64 69 57 5 89 68
10
25 65 64 86 69 57 41 15 89 68
9
25 11 57 41 3 15 89 87 46
10
62 25 60 90 67 57 41 13 89 66
10
70 25 56 72 67 41 3 13 89 66
9
36 25 56 41 3 15 84 89 87
9
89 36 25 75 46 15 84 41 87
10
87 25 13 86 69 57 41 77 89 68
9
2 25 11 57 41 13 89 87 46
9
25 56 34 67 46 15 89 41 66
9
25 75 67 57 41 3 13 89 66
9
87 25 56 64 5 41 15 89 65
9
87 25 64 5 57 41 15 89 65
9
70 25 78 72 57 41 15 89 87
10
63 20 25 80 56 3 15 89 61 87
9
87 25 80 56 69 15 84 89 68
10
25 64 67 57 41 15 5 89 65 66
9
70 25 72 10 57 41 13 89 87
9
25 54 57 41 3 13 89 87 46
10
70 25 72 67 57 41 3 13 89 66
10
70 25 80 56 76 72 67 15 89 66
9
25 78 10 57 46 13 89 41 87
9
62 25 60 10 57 41 13 89 87
9
25 78 29 86 57 41 15 89 87
10
70 25 56 72 67 41 3 15 89 66
10
62 36 25 60 67 57 41 13 89 66
10
70 36 45 29 72 57 41 15 89 87
9
87 25 80 13 64 57 5 89 65
9
80 25 11 57 46 3 15 89 87
9
25 78 75 57 46 15 89 41 87
10
25 11 67 57 46 15 77 89 41 66
9
62 36 25 60 57 41 15 89 87
10
70 25 72 67 57 41 3 15 89 66
9
36 25 78 57 41 3 15 89 87
9
85 25 75 10 57 41 15 89 87
10
70 25 34 72 67 57 41 13 89 66
9
70 25 78 72 57 41 13 89 87
10
62 25 80 60 78 67 57 15 89 66
9
87 25 56 64 5 41 15 89 65
10
70 25 56 72 67 41 3 15 89 66
10
70 25 56 72 67 41 15 84 89 66
9
63 89 25 80 57 15 84 61 87
9
70 25 72 57 35 15 89 41 87
9
87 25 52 64 5 41 15 89 65
10
87 36 25 64 77 57 41 15 89 65
9
70 25 72 57 41 3 13 89 87
10
87 36 25 64 77 57 41 15 89 65
10
70 25 72 67 57 41 3 13 89 66
9
87 45 78 64 57 41 15 89 65
9
62 45 60 57 41 15 84 89 87
9
62 25 56 60 75 41 15 89 87
9
62 25 60 90 52 41 15 89 87
10
62 25 60 90 67 57 41 15 89 66
9
87 45 80 64 5 57 15 89 65
9
25 78 11 57 46 15 89 41 87
9
36 25 11 57 41 15 89 87 46
10
25 80 56 35 10 69 46 13 89 68
10
62 20 25 80 60 56 3 13 89 87
10
2 25 80 56 34 86 69 13 89 68
9
25 80 56 90 67 46 13 89 66
9
45 80 56 78 67 6 13 89 66
9
45 80 56 78 67 13 84 89 66
9
25 80 56 78 10 46 13 89 87
9
87 25 80 56 64 5 15 89 65
9
87 25 80 64 86 57 13 89 65
9
87 25 80 56 64 11 13 89 65
9
87 25 80 13 64 57 5 89 65
10
70 25 80 56 72 67 3 13 89 66
9
25 52 86 67 41 13 84 89 66
10
62 25 80 60 56 67 46 15 89 66
10
25 80 56 13 64 67 5 89 65 66
10
70 25 80 56 76 72 67 13 89 66
9
25 80 78 75 10 57 13 89 87
10
25 80 56 64 67 35 13 89 65 66
9
87 25 64 10 57 41 15 89 65
10
25 80 56 34 64 67 13 89 65 66
10
25 65 80 56 13 64 69 5 89 68
10
70 45 80 13 72 67 57 77 89 66
10
62 36 25 80 60 56 67 13 89 66
9
25 80 56 78 75 46 13 89 87
9
62 25 80 60 90 57 13 89 87
9
25 78 75 57 46 13 89 41 87
10
62 25 80 60 56 90 69 15 89 68
9
87 25 80 13 64 3 5 89 65
10
25 80 56 64 67 13 84 89 65 66
10
70 25 80 56 72 67 3 15 89 66
10
62 25 80 60 90 67 57 13 89 66
10
70 25 72 67 57 41 3 13 89 66
10
25 80 29 52 64 67 13 89 65 66
9
62 25 80 60 67 57 13 89 66
10
36 25 56 67 41 3 15 84 89 66
10
62 25 80 60 56 29 69 13 89 68
10
36 25 80 56 67 6 15 89 46 66
9
62 45 80 60 56 67 13 89 66
9
70 25 80 56 72 6 15 89 87
9
89 25 56 67 46 15 84 41 66
9
25 80 69 11 57 46 13 89 68
10
70 25 80 56 90 72 67 15 89 66
9
45 80 56 78 75 67 15 89 66
10
25 80 34 52 64 67 13 89 65 66
10
25 56 64 67 41 3 15 89 65 66
10
70 36 25 80 56 72 67 15 89 66
9
87 25 80 56 64 11 15 89 65
10
62 25 80 60 56 67 3 13 89 66
10
70 80 52 72 28 23 67 13 89 66
9
80 25 56 11 46 13 89 87 39
10
70 25 80 56 72 67 3 15 89 66
10
62 20 25 80 60 56 90 13 89 87
10
36 25 80 56 11 67 46 13 89 66
9
25 56 78 75 10 41 15 89 87
10
70 25 80 91 72 67 57 13 89 66
10
62 25 80 60 56 75 69 15 89 68
9
45 56 94 19 79 35 77 84 89
9
45 56 94 19 79 6 77 84 89
8
45 56 94 19 79 77 84 89
9
45 56 94 19 79 35 77 84 89
9
45 94 19 79 57 6 77 84 89
9
45 56 94 19 79 6 77 84 89
9
45 94 19 79 57 35 77 84 89
8
45 56 94 19 79 77 84 89
9
45 56 94 19 79 30 77 84 89
