74
6
0 1 93 1 94 1
4
1 1 31 3
4
2 1 3 4
2
4 4
6
5 2 31 1 32 1
6
6 1 18 1 19 1
6
7 1 71 1 97 1
6
8 1 26 1 45 1
2
9 1
8
10 1 11 1 38 1 39 1
4
12 1 99 1
4
13 4 43 2
4
14 4 82 1
2
15 4
4
16 2 43 3
8
17 1 21 1 60 1 61 1
4
18 2 60 1
6
18 1 60 1 63 1
4
18 2 62 2
4
18 2 62 1
8
20 1 22 1 63 1 90 2
6
23 2 25 1 46 1
4
24 4 34 3
4
25 1 44 2
2
25 2
4
25 2 46 1
4
25 2 47 1
6
26 1 45 1 49 1
6
27 1 28 1 48 2
6
29 2 42 1 64 1
4
30 1 64 1
2
31 4
2
33 1
6
35 1 72 2 98 1
2
36 4
6
37 3 88 5 89 4
6
37 5 88 3 89 4
2
40 1
2
41 4
2
44 2
4
44 1 47 2
4
44 2 47 1
2
44 1
4
50 1 100 1
2
51 3
4
52 4 55 1
2
52 4
4
53 1 55 1
4
54 1 77 4
2
55 5
2
55 1
2
56 4
2
57 5
2
58 1
2
59 4
4
61 1 95 1
2
65 3
2
66 4
4
67 4 69 1
4
68 1 86 1
4
70 2 73 1
2
74 1
4
75 1 77 3
4
76 1 97 2
4
77 2 91 2
6
77 1 78 2 85 1
4
79 1 80 4
2
81 2
4
83 1 84 2
2
84 1
2
87 4
2
92 4
4
96 1 97 2
2
97 3
