371
9
30 44 38 77 69 36 13 52 40
8
75 38 10 73 82 80 49 90
9
43 59 26 38 32 36 52 24 51
10
43 30 4 37 26 32 46 44 79 40
9
38 1 69 32 50 36 79 24 51
9
12 65 48 67 38 35 82 1 80
9
58 38 10 35 82 60 80 72 49
10
61 62 38 10 35 82 26 49 31 72
10
58 38 10 35 82 26 60 80 72 49
10
65 12 63 75 48 38 67 82 64 79
10
12 75 48 58 38 82 26 60 80 72
9
12 75 48 58 38 82 3 60 80
9
12 65 48 67 82 35 23 80 90
10
61 62 38 10 73 35 82 83 49 72
10
65 75 61 48 62 67 38 10 82 26
9
81 27 2 37 47 53 15 72 90
9
81 27 2 37 47 53 15 72 90
9
81 27 2 38 47 53 15 72 90
9
81 27 2 37 53 49 15 72 90
9
81 27 2 37 47 53 15 72 90
9
81 27 2 37 47 53 15 72 90
9
81 27 2 37 47 53 15 72 90
9
81 27 2 37 47 53 15 72 90
9
81 27 2 37 53 49 15 72 90
9
81 27 2 37 47 53 15 72 90
9
81 27 2 37 47 53 15 72 90
9
81 27 2 37 47 53 15 72 90
9
81 27 2 37 47 53 15 72 90
9
81 27 2 37 47 53 15 72 90
9
81 27 2 37 47 53 15 72 90
9
81 27 2 37 47 53 15 72 90
9
81 27 2 37 53 49 15 72 90
9
81 27 2 38 47 53 15 72 90
9
81 27 2 37 47 53 15 72 90
9
81 27 2 37 47 53 15 72 90
9
81 27 2 37 47 53 15 72 90
9
81 27 2 37 47 53 15 72 90
9
84 81 27 2 37 47 15 53 90
9
81 27 2 37 47 53 15 72 90
9
81 27 2 37 47 53 15 72 90
9
81 27 2 37 47 53 15 72 90
9
81 27 2 37 47 53 15 72 90
9
81 27 2 37 47 53 15 72 90
9
81 27 2 37 47 53 15 72 90
8
81 27 2 37 47 15 53 90
9
81 27 2 38 47 53 15 72 90
9
81 27 2 38 47 53 15 72 90
9
81 27 2 37 47 53 15 72 90
9
81 27 2 37 47 53 15 72 90
9
81 27 2 37 47 53 15 72 90
9
81 27 2 37 47 53 15 72 90
9
81 27 2 37 47 53 15 72 90
9
81 27 2 37 47 53 15 72 90
9
81 27 2 37 47 53 15 72 90
9
81 27 2 38 47 53 15 72 90
9
81 27 2 37 47 53 15 72 90
9
81 27 2 37 47 53 15 72 90
9
81 27 2 37 47 53 15 72 90
9
81 27 2 38 47 53 15 72 90
9
81 27 2 37 47 53 15 72 90
9
81 27 2 37 53 49 15 72 90
9
81 27 2 37 47 53 15 72 90
8
81 27 2 37 49 15 53 90
9
81 27 2 37 47 53 15 72 90
9
81 27 2 37 47 53 15 72 90
9
84 81 27 2 37 47 15 53 90
9
81 27 2 37 47 53 15 72 90
9
81 27 2 37 47 53 15 72 90
9
81 27 2 37 47 53 15 72 90
9
81 27 2 37 47 53 15 72 90
9
81 27 2 37 47 53 15 72 90
9
81 27 2 38 47 53 15 72 90
9
81 27 2 37 47 53 15 72 90
9
81 27 2 37 47 53 15 72 90
9
81 27 2 37 53 49 15 72 90
9
81 27 2 37 47 53 15 72 90
9
81 27 2 37 47 53 15 72 90
9
81 27 2 37 47 53 15 72 90
9
81 27 2 38 47 53 15 72 90
9
81 27 2 37 47 53 15 72 90
9
81 27 37 85 47 22 15 72 90
9
81 27 37 85 47 22 15 72 90
8
81 27 37 85 22 49 72 90
9
81 27 38 85 47 22 15 72 90
9
81 27 37 85 47 22 15 72 90
9
81 27 37 85 47 22 15 72 90
9
81 27 37 85 47 22 15 72 90
9
81 27 37 85 47 22 15 72 90
9
81 27 38 85 47 22 15 72 90
9
81 27 37 85 47 22 15 72 90
9
81 27 37 85 47 22 15 72 90
9
81 27 37 85 47 22 15 72 90
9
81 27 37 85 47 22 15 72 90
9
81 27 38 85 22 49 15 72 90
9
81 27 37 85 47 22 15 72 90
9
81 27 37 85 47 22 15 72 90
9
81 27 37 85 47 22 15 72 90
9
81 27 38 85 47 22 15 72 90
9
81 27 37 85 47 22 15 72 90
9
81 27 37 85 47 22 15 72 90
9
81 27 37 85 22 49 15 72 90
9
81 27 37 85 47 22 15 72 90
9
81 27 37 85 47 22 15 72 90
8
81 27 85 47 22 15 72 90
9
81 27 37 85 47 22 15 72 90
9
81 27 37 85 47 22 15 72 90
9
81 27 37 85 47 22 15 72 90
9
81 27 38 85 47 22 15 72 90
9
81 27 37 85 47 22 15 72 90
8
81 27 37 85 47 22 72 90
9
84 81 27 37 85 47 22 15 90
9
84 81 27 38 85 47 22 15 90
9
81 27 38 85 47 22 15 72 90
9
81 27 38 85 47 22 15 72 90
9
81 27 37 85 47 22 15 72 90
9
81 27 37 85 47 22 15 72 90
9
81 27 37 85 47 22 15 72 90
9
81 27 37 85 22 49 15 72 90
9
81 27 37 85 47 22 15 72 90
9
81 27 37 85 47 22 15 72 90
9
81 27 37 85 22 49 15 72 90
9
81 27 37 85 47 22 15 72 90
9
81 27 38 85 47 22 15 72 90
9
81 27 37 85 47 22 15 72 90
9
81 27 37 85 47 22 15 72 90
9
81 27 37 85 22 49 15 72 90
9
81 27 37 85 47 22 15 72 90
9
81 27 37 85 47 22 15 72 90
9
81 27 37 85 47 22 15 72 90
9
81 27 37 85 22 49 15 72 90
9
81 27 37 85 47 22 15 72 90
8
81 27 37 85 47 22 15 90
9
81 27 37 85 47 22 15 72 90
9
81 27 37 85 47 22 15 72 90
9
81 27 37 85 47 22 15 72 90
9
81 27 37 85 47 22 15 72 90
9
81 27 37 85 47 22 15 72 90
9
81 27 37 85 47 22 15 72 90
9
81 27 37 85 47 22 15 72 90
9
81 27 37 85 47 22 15 72 90
9
81 27 37 85 47 22 15 72 90
9
81 27 37 85 47 22 15 72 90
9
81 27 38 85 47 22 15 72 90
9
81 27 37 85 47 22 15 72 90
9
81 27 37 85 47 22 15 72 90
9
81 86 28 14 91 47 6 34 53
9
81 86 28 14 91 47 6 34 53
9
81 86 28 14 91 47 6 34 53
9
81 86 28 14 91 6 34 49 53
9
81 86 28 14 91 22 6 34 49
9
81 86 28 14 91 22 47 6 34
9
81 86 28 14 91 22 47 6 34
9
81 86 28 14 91 22 47 6 34
8
43 30 59 32 45 42 52 79
8
21 66 30 68 1 36 45 24
9
29 66 70 26 32 36 44 40 51
8
92 39 32 36 42 0 52 40
9
18 44 57 69 13 55 71 79 40
9
43 11 4 23 32 13 79 40 51
10
66 44 7 89 68 69 32 36 71 40
9
29 43 44 59 69 32 36 52 24
10
33 30 75 61 8 62 10 82 3 24
10
84 41 57 26 32 83 20 55 44 40
9
43 41 73 1 93 32 36 44 40
10
46 8 26 93 32 36 31 0 44 40
9
43 66 30 41 92 26 32 36 40
9
21 33 73 69 36 13 19 44 40
9
66 11 7 89 69 31 71 44 51
11
21 84 18 57 17 69 32 36 55 31 44
9
21 43 66 11 7 32 13 0 40
9
63 4 77 32 31 64 44 79 24
10
5 66 89 26 69 32 36 31 44 40
10
43 65 67 3 32 36 45 31 44 24
10
21 43 26 32 36 31 46 44 25 40
8
43 41 40 32 42 31 46 44
9
29 30 26 32 36 23 0 52 40
10
5 66 30 68 26 69 32 36 44 40
10
18 33 30 17 73 1 32 19 44 40
10
30 44 11 78 17 69 32 19 71 40
8
29 44 3 32 13 0 52 24
10
29 66 63 7 89 0 68 32 13 64
9
42 11 4 1 32 19 44 79 24
9
66 7 69 32 36 23 44 40 51
9
5 66 1 69 32 20 13 44 40
9
65 41 0 67 69 36 46 44 40
9
12 8 39 73 35 82 23 80 49
9
63 9 4 77 32 64 44 79 24
9
33 30 76 41 1 32 36 25 44
9
66 89 1 69 32 36 31 44 40
10
30 11 78 73 32 83 36 0 76 40
9
21 43 66 89 17 36 0 44 40
10
30 57 26 69 88 32 36 55 44 40
10
21 43 18 41 17 32 19 44 25 40
9
29 44 59 69 32 36 0 52 71
11
43 84 30 17 1 32 36 13 31 46 40
10
21 18 26 69 32 36 19 79 44 51
9
21 43 66 33 89 1 32 13 44
8
44 4 59 36 23 52 76 40
10
21 30 11 1 69 32 36 46 44 40
9
11 17 26 73 32 23 19 76 40
10
43 41 17 1 93 32 13 42 25 40
10
43 65 9 67 1 32 36 31 71 44
10
66 30 92 89 68 69 32 50 31 40
9
21 78 70 1 69 36 19 31 44
9
21 1 93 32 36 42 44 76 40
7
69 32 36 50 31 79 40
9
21 84 30 41 69 32 36 44 51
9
57 4 73 32 13 55 19 0 44
10
57 17 73 88 32 55 0 44 79 40
8
30 73 93 32 23 0 79 40
10
30 78 4 1 69 32 20 36 44 40
7
69 32 36 50 31 79 40
10
43 76 17 32 36 19 0 44 25 40
8
21 41 1 93 69 36 42 31
10
43 41 70 57 1 88 32 55 19 25
8
43 78 62 26 1 31 0 44
10
43 41 1 32 36 31 46 44 25 40
7
66 7 9 26 1 36 44
9
66 9 26 1 93 77 32 36 44
10
43 66 30 26 32 20 36 46 44 40
7
5 66 30 26 32 20 40
9
29 43 30 59 69 50 52 24 51
9
33 76 92 26 32 36 46 25 44
10
43 66 30 9 89 32 36 31 0 40
10
21 57 77 88 32 50 55 0 76 44
10
30 41 11 69 32 36 42 44 25 40
10
43 65 11 67 1 32 36 13 44 40
8
41 11 40 69 36 42 79 44
9
30 76 4 0 36 45 13 46 79
10
43 18 33 11 17 73 32 36 44 24
9
21 43 41 11 4 42 44 25 40
10
43 30 1 32 20 36 19 46 44 40
7
43 54 92 17 1 19 40
10
30 11 73 1 69 32 36 46 44 40
8
29 43 44 71 59 32 52 40
9
5 66 11 4 68 32 23 31 40
9
43 44 11 77 1 32 31 52 40
11
43 41 31 57 17 32 55 19 44 25 40
8
30 1 3 32 36 23 52 40
10
5 43 30 7 69 32 13 52 24 51
10
43 30 57 17 88 32 55 31 0 76
8
29 66 44 26 32 36 71 40
9
43 30 77 1 3 32 23 44 40
9
29 59 32 23 13 52 76 40 51
10
5 66 30 26 1 69 32 20 44 40
9
66 70 89 32 36 46 71 76 40
10
21 57 17 88 32 36 55 0 76 44
9
5 43 30 44 1 32 36 52 24
9
78 58 77 73 32 45 60 42 44
9
92 59 73 1 69 32 13 52 44
10
30 31 57 17 69 88 55 19 0 40
10
41 92 26 69 32 45 31 52 25 44
9
48 78 4 74 38 82 72 87 16
10
65 12 61 30 62 67 82 35 23 44
9
54 56 10 35 80 82 23 19 49
10
65 61 62 67 10 35 82 23 49 71
10
61 62 10 73 35 82 26 83 23 49
9
12 48 58 82 73 23 35 60 80
9
75 58 10 23 3 82 60 80 49
10
65 12 61 8 62 67 82 35 23 44
9
75 58 10 23 3 82 60 80 49
9
54 56 75 10 73 82 23 80 49
10
75 48 58 10 23 82 26 60 80 72
9
54 56 39 10 35 82 23 80 49
9
70 39 73 10 35 82 23 80 49
9
65 70 67 10 35 82 23 80 49
9
58 39 10 23 35 82 60 80 49
9
12 8 39 73 35 82 23 80 44
9
39 73 10 35 82 23 80 31 49
9
21 54 12 56 75 33 82 80 49
9
75 63 70 10 73 82 23 49 64
9
54 56 10 35 82 83 23 80 49
9
4 8 39 10 35 82 23 80 49
9
12 61 8 62 39 35 82 23 49
10
75 63 48 70 39 10 82 26 23 64
9
70 39 73 10 35 82 23 80 49
10
65 75 61 62 67 10 82 23 49 71
9
54 12 56 80 35 82 23 19 44
9
58 10 23 3 35 82 60 80 49
9
70 39 73 10 35 82 23 80 49
9
54 56 10 35 80 82 23 19 49
9
65 67 39 10 35 82 23 80 49
10
54 56 61 62 10 35 82 23 19 49
9
54 56 39 10 35 82 23 80 49
10
65 75 61 62 67 10 82 26 23 49
10
63 70 10 73 35 82 23 49 31 64
10
65 61 62 67 10 35 82 26 23 49
9
70 8 10 73 35 82 23 80 44
9
54 12 56 82 35 26 23 80 49
10
65 75 61 9 62 67 10 82 23 49
9
65 75 67 10 82 23 80 71 49
9
8 39 10 35 82 23 80 72 49
9
65 75 67 10 82 23 80 71 49
9
54 12 56 80 35 82 23 19 49
9
58 10 23 3 35 82 60 80 49
9
56 12 54 4 82 35 23 80 49
9
84 12 8 82 73 35 23 80 49
9
54 56 75 70 10 82 23 80 49
9
54 56 10 35 82 83 23 80 49
9
84 12 8 82 73 35 23 80 49
9
58 10 35 23 82 60 80 31 49
10
30 63 70 10 35 82 50 23 49 64
9
12 70 8 82 73 35 23 80 49
9
48 70 39 73 10 35 82 23 80
10
65 12 61 62 67 82 35 23 49 72
9
48 58 10 23 3 35 82 60 80
9
54 12 56 82 35 83 23 80 44
10
65 61 62 67 10 35 82 23 49 71
10
65 75 63 67 10 82 26 23 49 64
10
54 56 12 61 62 82 35 23 19 49
10
65 75 61 48 62 67 10 82 23 71
10
54 56 12 61 75 48 62 82 23 19
10
12 75 61 58 62 82 23 3 60 44
10
65 12 61 75 48 62 67 82 23 71
9
12 75 48 58 82 23 3 60 80
10
75 48 58 10 23 82 26 60 80 72
9
75 63 48 4 10 82 23 80 64
10
12 48 61 8 62 82 35 26 23 72
10
65 12 61 75 48 62 67 82 23 71
10
12 75 61 48 8 62 39 82 26 23
9
65 75 48 9 67 10 82 23 80
9
65 75 48 67 10 73 82 23 80
8
12 75 48 8 39 82 23 80
9
12 70 39 73 35 82 23 80 49
9
12 75 61 48 62 82 73 1 23
9
12 65 48 67 82 35 26 23 80
10
54 56 75 61 48 62 10 73 82 23
10
65 12 61 75 48 8 62 67 82 23
10
65 12 61 75 9 48 62 67 82 23
9
75 70 39 73 10 82 23 80 44
10
65 75 61 48 62 67 10 82 23 71
10
54 56 12 63 75 48 82 1 23 64
10
54 56 12 63 75 82 83 50 23 64
10
12 75 61 48 58 62 60 82 23 79
10
12 65 48 30 67 82 35 26 23 80
10
65 12 61 75 48 62 67 82 23 71
10
75 63 48 10 82 50 23 80 31 64
10
65 12 61 75 48 62 67 82 83 23
10
54 56 12 61 75 48 62 82 1 23
9
12 75 48 58 82 23 3 60 80
9
54 12 56 75 48 80 82 23 19
10
75 61 48 8 62 39 10 82 26 23
10
65 61 62 67 10 35 82 26 23 49
10
65 12 61 75 48 62 67 39 82 23
10
61 62 10 73 35 82 26 83 23 44
10
56 54 12 61 75 48 62 82 23 72
10
65 75 61 48 62 67 10 82 23 71
10
56 54 12 61 75 48 62 82 23 72
9
12 75 63 48 8 39 82 23 64
10
12 75 61 48 8 62 82 73 23 31
9
54 12 56 48 70 82 35 23 80
10
65 12 63 75 48 67 82 23 64 71
10
12 48 61 70 62 39 35 82 26 23
10
12 75 61 48 70 8 62 82 26 23
10
65 75 61 8 62 67 10 82 23 49
10
65 12 61 75 48 62 67 82 26 23
9
54 56 12 63 75 48 82 23 64
10
12 75 61 8 62 39 82 26 23 44
10
12 75 61 58 62 82 23 3 60 44
10
65 12 63 48 67 82 35 1 23 64
10
65 12 61 48 62 67 82 35 23 71
9
12 57 80 35 82 88 23 55 49
9
75 61 8 62 10 73 82 23 44
10
48 78 58 74 38 82 60 72 87 16
9
30 48 78 74 38 82 72 87 16
10
78 58 74 38 82 60 72 44 87 16
10
78 58 74 38 82 60 49 72 87 16
10
30 78 4 74 38 82 72 44 87 16
8
48 78 74 38 82 72 87 16
10
30 48 78 4 74 38 82 72 87 16
10
48 78 58 74 38 82 60 72 87 16
