77
4
0 2 1 2
2
2 2
2
2 2
4
3 1 28 1
4
4 1 15 1
2
5 1
4
6 1 38 1
4
7 1 90 3
4
8 2 24 1
4
9 1 90 1
4
10 2 36 2
4
10 2 12 3
2
11 1
2
12 1
4
13 2 36 2
6
14 1 16 1 54 2
4
15 2 18 1
4
15 2 56 1
4
15 2 56 1
4
15 1 83 1
4
17 1 19 2
6
20 1 23 1 41 2
4
21 1 23 2
4
22 4 30 2
4
23 2 24 1
4
23 2 42 1
4
23 1 37 1
2
25 1
2
26 2
2
26 1
2
27 4
4
27 2 59 1
4
27 2 60 2
2
29 1
2
30 2
4
31 3 53 4
4
32 2 82 10
4
32 4 81 8
6
33 1 37 1 92 1
4
34 1 35 2
2
35 2
2
37 2
4
37 1 39 2
4
37 1 40 2
2
37 1
4
38 2 93 1
2
40 2
2
43 3
2
44 2
2
44 4
2
45 1
4
46 1 72 5
2
47 4
2
47 4
2
48 4
2
49 5
6
50 1 63 2 64 2
6
51 1 78 1 79 2
4
52 1 58 2
6
55 1 57 1 88 1
2
61 4
2
62 4
2
65 3
2
66 2
6
67 3 68 1 91 1
6
67 1 89 1 90 2
2
69 3
4
70 2 73 2
4
71 2 90 2
4
72 5 84 1
4
74 1 75 4
2
76 1
2
77 1
2
78 1
2
80 4
2
85 4
4
86 1 87 1
