371
8
41 71 81 2 28 49 14 54
10
65 37 77 21 71 64 76 51 82 11
11
37 21 0 71 62 63 30 50 25 82 11
10
51 22 11 62 63 74 89 59 82 58
10
31 65 33 22 71 50 64 74 82 11
9
79 37 77 22 3 89 51 82 11
10
51 18 22 71 62 63 82 74 17 9
9
22 60 61 48 82 74 14 9 79
10
37 51 22 71 30 25 82 40 9 79
9
41 20 71 50 81 28 14 86 89
9
41 20 71 81 28 49 14 86 89
9
41 20 71 81 28 49 14 86 89
9
41 20 71 81 28 49 14 86 89
9
41 20 71 81 28 49 14 86 89
9
41 20 71 81 28 49 14 86 89
9
41 20 71 81 28 49 14 86 89
9
41 20 71 50 81 28 14 86 89
9
41 20 71 81 28 49 14 86 89
9
41 20 71 81 28 49 14 86 89
9
41 20 71 81 28 49 14 86 89
9
41 20 71 81 28 49 14 86 89
9
41 20 71 81 28 49 14 86 89
9
41 20 71 81 28 49 14 86 89
9
41 20 71 81 28 49 14 86 89
9
41 20 71 81 28 49 14 86 89
9
70 41 20 50 81 28 14 86 89
9
41 20 71 81 28 49 14 86 89
9
22 20 71 81 28 49 14 86 89
9
41 20 71 81 28 49 14 86 89
9
41 20 71 81 28 49 14 86 89
9
41 20 71 81 28 49 14 86 89
9
41 20 71 81 28 49 14 86 89
9
41 20 71 81 28 49 14 86 89
9
41 20 71 81 28 49 14 86 89
9
41 20 71 81 28 49 14 86 89
9
41 20 71 50 81 28 14 86 89
9
41 20 71 81 28 49 14 86 89
9
41 20 71 81 28 49 14 86 89
9
41 20 71 81 28 49 14 86 89
9
41 20 71 81 28 49 14 86 89
9
41 20 71 81 28 49 14 86 89
9
41 20 71 81 28 49 14 86 89
9
41 20 71 81 28 49 14 86 89
9
70 41 20 81 28 49 14 86 89
9
41 20 71 81 28 49 14 86 89
9
41 20 71 50 81 28 14 86 89
9
41 20 71 81 28 49 14 86 89
9
41 20 71 81 28 49 14 86 89
9
41 20 71 81 28 49 14 86 89
9
41 20 71 81 28 49 14 86 89
9
41 20 71 81 28 49 14 86 89
9
41 20 71 81 28 49 14 86 89
9
41 20 71 81 28 49 14 86 89
9
41 20 71 81 28 49 14 86 89
9
41 20 71 81 28 49 14 86 89
9
41 20 71 81 28 49 14 86 89
9
41 20 71 81 28 49 14 86 89
9
41 20 71 81 28 49 14 86 89
9
41 20 71 81 28 49 14 86 89
9
41 20 71 81 28 49 14 86 89
9
41 20 71 81 28 49 14 86 89
9
41 20 71 81 28 49 14 86 89
9
41 20 71 81 28 49 14 86 89
9
41 20 71 81 28 49 14 86 89
9
41 20 71 81 28 49 14 86 89
9
41 20 71 81 28 49 14 86 89
9
41 20 71 50 81 28 14 86 89
9
41 20 71 81 28 49 14 86 89
9
41 20 71 81 28 49 14 86 89
9
41 71 81 2 28 49 14 54 89
9
41 71 81 2 28 49 14 54 89
9
41 71 81 2 28 49 14 54 89
9
41 71 50 81 2 28 14 54 89
9
41 71 81 2 28 49 14 54 89
9
41 71 81 2 28 49 14 54 89
9
41 71 81 2 28 49 14 54 89
9
41 71 81 2 28 49 14 54 89
9
41 71 81 2 28 49 14 54 89
9
41 71 81 2 28 49 14 54 89
9
41 71 81 2 28 49 14 54 89
9
41 71 81 2 28 49 14 54 89
9
41 71 81 2 28 49 14 54 89
9
41 71 81 2 28 49 14 54 89
9
41 71 81 2 28 49 14 54 89
9
41 71 81 2 28 49 14 54 89
9
41 71 81 2 28 49 14 54 89
9
41 71 81 2 28 49 14 54 89
9
41 71 81 2 28 49 14 54 89
9
41 71 81 2 28 49 14 54 89
9
41 71 81 2 28 49 14 54 89
9
41 71 81 2 28 49 14 54 89
9
41 71 50 81 2 28 14 54 89
9
41 71 81 2 28 49 14 54 89
9
41 71 81 2 28 49 14 54 89
9
41 71 81 2 28 49 14 54 89
9
41 71 50 81 2 28 14 54 89
9
41 71 81 2 28 49 14 54 89
9
41 71 81 2 28 49 14 54 89
9
41 71 81 2 28 49 14 54 89
9
41 71 81 2 28 49 14 54 89
9
41 71 81 2 28 49 14 54 89
9
41 71 81 2 28 49 14 54 89
9
41 71 81 2 28 49 14 54 89
9
41 71 81 2 28 49 14 54 89
9
41 71 81 2 28 49 14 54 89
9
41 71 81 2 28 49 14 54 89
9
41 71 81 2 28 49 14 54 89
9
41 71 81 2 28 49 14 54 89
9
41 71 50 81 2 28 14 54 89
9
41 71 81 2 28 49 14 54 89
9
41 71 81 2 28 49 14 54 89
9
41 71 81 2 28 49 14 54 89
9
41 71 81 2 28 49 14 54 89
9
41 71 81 2 28 49 14 54 89
9
41 71 81 2 28 49 14 54 89
9
41 71 81 2 28 49 14 54 89
9
41 71 81 2 28 49 14 54 89
9
41 71 81 2 28 49 14 54 89
9
41 71 81 2 28 49 14 54 89
9
41 71 81 2 28 49 14 54 89
9
41 71 81 2 28 49 14 54 89
9
41 71 81 2 28 49 14 54 89
9
41 71 50 81 2 28 14 54 89
9
41 71 50 81 2 28 14 54 89
9
41 71 81 2 28 49 14 54 89
9
41 71 81 2 28 49 14 54 89
9
41 71 81 2 28 49 17 54 89
9
41 71 50 81 2 28 14 54 89
9
41 71 81 2 28 49 14 54 89
9
70 41 81 2 28 49 14 54 89
9
20 29 87 85 90 81 40 49 13
9
20 29 87 85 90 81 40 49 13
9
20 29 87 85 90 50 81 40 13
9
20 29 87 85 90 81 40 49 13
8
29 85 90 50 81 40 54 13
9
29 87 85 90 81 40 49 54 13
9
29 87 85 90 81 40 49 54 13
9
29 87 85 90 81 40 49 54 13
10
33 77 55 32 23 34 92 12 48 69
9
68 34 66 30 1 83 48 75 31
12
91 44 32 34 47 48 26 43 10 59 31 58
9
24 44 34 27 47 1 83 48 31
11
65 53 34 27 1 83 48 39 59 31 58
9
33 78 68 23 34 47 12 66 48
8
32 12 25 83 48 10 59 58
10
69 91 44 32 34 12 48 10 8 31
9
34 27 60 61 1 83 48 10 69
10
33 24 34 27 12 47 60 61 48 31
10
75 33 68 34 12 48 10 67 4 31
10
35 18 53 34 27 47 30 48 10 4
11
33 57 68 32 34 12 66 63 48 59 31
10
19 68 23 27 12 66 83 48 75 31
10
69 33 34 27 12 48 10 59 31 58
8
34 47 60 61 25 83 48 31
7
44 16 34 47 1 48 31
10
36 65 33 22 50 25 64 74 82 11
9
69 34 12 83 48 59 4 31 58
11
56 33 77 34 92 30 83 48 43 10 75
8
34 60 61 83 48 43 75 31
7
31 45 24 34 48 46 69
12
33 77 57 32 34 52 12 63 48 59 75 31
11
91 35 34 1 83 26 48 59 75 31 58
9
33 19 44 34 12 83 25 48 31
9
69 45 24 16 34 25 83 48 31
10
55 34 73 27 60 61 48 39 10 75
8
33 57 32 34 48 59 75 31
8
24 35 16 34 47 83 48 31
10
69 53 68 34 52 12 83 43 67 31
9
35 44 53 60 61 48 10 59 58
10
69 45 32 34 52 48 39 46 75 31
10
55 68 34 47 66 1 48 59 31 58
10
69 53 34 7 12 1 25 83 48 31
10
78 68 34 66 60 61 83 48 75 31
9
77 68 42 52 92 66 12 83 48
7
33 55 34 47 12 48 10
8
77 18 32 34 48 59 69 58
10
69 35 78 32 34 48 39 59 31 58
9
69 18 34 52 27 83 38 48 31
10
45 33 24 32 34 47 12 48 59 58
10
69 34 27 12 47 83 48 59 31 58
7
33 44 34 76 48 75 31
8
33 34 47 12 48 59 4 58
6
77 34 83 48 10 69
8
77 0 27 12 47 25 48 31
10
91 32 34 1 25 26 48 59 69 58
9
44 77 68 34 27 47 38 48 67
10
32 23 34 47 83 26 48 59 31 58
10
44 78 18 24 27 25 48 10 75 31
11
44 18 68 23 52 34 66 43 10 17 31
6
34 23 47 1 48 31
7
68 52 12 66 1 83 31
8
69 36 45 16 34 52 12 31
9
78 55 32 34 92 12 48 43 46
8
18 34 12 25 83 48 46 31
9
45 68 23 34 12 66 76 48 31
8
53 34 42 83 76 48 75 4
10
69 33 68 34 1 83 48 10 67 31
9
44 77 34 27 92 47 3 48 31
11
36 33 68 73 34 12 66 1 48 43 31
9
68 32 34 47 25 83 48 67 31
9
33 34 27 47 1 83 48 59 58
9
69 33 32 34 1 83 25 48 31
9
56 51 22 68 66 82 74 9 79
10
34 27 3 1 25 48 43 59 69 58
7
78 34 52 12 48 75 31
7
56 53 68 27 38 48 67
9
91 44 32 34 47 25 26 48 4
10
69 18 57 34 23 12 48 43 59 31
9
44 34 27 12 25 83 48 39 31
8
44 19 34 23 52 12 1 48
11
56 33 19 34 7 27 12 25 48 75 31
10
91 77 32 52 27 12 1 48 43 4
9
33 34 27 12 47 48 39 75 31
8
33 44 34 1 48 59 69 58
10
78 55 68 23 32 34 12 66 48 75
10
33 51 77 21 62 63 82 74 9 5
8
75 68 34 12 48 43 39 67
8
33 55 23 73 12 48 43 69
9
45 33 34 23 60 61 48 75 31
9
69 45 24 34 73 92 48 46 31
9
36 18 68 34 12 66 1 48 69
11
33 44 77 34 52 27 47 1 83 59 58
10
69 33 32 34 0 27 30 25 38 31
9
33 32 34 26 48 59 75 31 58
11
19 78 44 55 24 73 52 34 48 43 31
7
35 16 34 12 83 48 75
10
33 32 34 52 60 61 1 48 39 75
9
45 44 52 12 83 48 59 31 58
8
18 34 23 47 92 1 83 48
9
24 32 34 60 61 25 83 48 75
7
53 47 92 60 61 48 10
9
44 18 34 52 83 48 59 75 58
9
33 44 32 34 47 1 48 31 5
9
33 34 63 83 25 48 43 4 69
9
79 37 21 50 83 82 59 9 58
10
33 78 18 55 32 34 52 48 46 31
9
44 34 47 60 61 83 48 10 31
11
36 33 44 68 34 52 47 92 66 48 31
6
68 23 34 66 83 69
9
69 34 27 63 30 83 48 10 31
8
32 34 25 83 48 59 75 58
10
33 57 34 23 27 1 83 48 59 69
10
44 53 68 32 52 34 47 83 59 58
9
24 77 34 47 25 83 72 75 4
8
77 68 34 12 66 48 72 46
11
69 36 68 73 52 34 66 48 43 10 31
9
33 70 35 32 34 52 48 75 31
8
33 19 55 34 73 12 1 48
7
70 44 68 47 84 48 67
8
33 24 44 34 47 6 84 48
6
24 44 68 84 48 67
8
44 68 52 0 3 84 25 67
9
88 21 15 0 71 3 50 80 82
7
24 44 68 84 48 67 31
7
75 34 25 26 8 4 69
7
44 68 71 3 84 48 67
10
33 35 22 63 62 50 83 74 82 11
10
35 22 60 62 63 61 50 74 82 11
10
56 33 37 22 3 62 63 50 82 11
10
65 33 37 18 22 68 64 67 82 11
10
33 70 22 62 63 50 25 82 74 9
10
33 35 22 63 62 50 83 74 82 11
10
35 22 11 62 63 50 25 74 82 5
9
31 37 21 3 50 25 82 9 79
10
65 22 60 3 61 64 48 74 82 11
10
36 37 22 60 62 63 61 51 82 11
9
36 51 19 22 62 63 82 74 9
8
33 22 11 50 38 74 82 79
10
31 36 22 78 62 63 50 82 74 9
9
79 33 37 19 22 83 48 82 11
10
36 33 22 78 62 63 50 74 82 11
9
79 36 19 22 50 83 74 82 11
10
79 91 37 22 11 50 59 8 82 58
9
79 37 22 58 50 40 59 82 11
11
91 33 22 60 62 63 61 50 74 82 11
11
65 33 68 21 66 30 50 64 74 82 11
10
35 22 62 63 50 25 82 72 74 9
9
79 37 22 58 11 50 59 82 5
9
31 37 77 21 50 82 40 9 79
9
79 22 50 74 25 82 59 9 58
10
79 91 37 22 11 50 59 8 82 58
9
56 21 0 62 63 50 74 82 11
9
79 70 22 50 76 72 74 82 11
9
79 22 50 74 76 82 59 9 58
9
36 65 70 22 50 64 74 82 11
10
65 35 22 78 73 50 64 74 82 11
10
22 68 0 66 62 63 50 74 82 11
10
33 19 22 63 62 50 83 74 82 11
9
65 19 22 50 83 64 74 82 11
10
79 91 37 22 58 50 25 59 82 11
10
37 22 60 62 63 61 11 8 82 5
9
79 21 50 83 74 82 59 9 58
10
33 22 11 62 63 50 83 74 82 5
9
79 22 50 74 82 59 8 9 58
10
36 33 22 55 62 63 83 74 82 11
11
91 33 37 77 21 62 63 25 82 51 9
9
65 18 22 50 83 64 82 74 9
10
36 65 33 19 22 50 64 74 82 11
10
19 22 68 66 62 63 50 82 74 9
10
37 22 11 62 63 50 83 59 82 58
9
79 37 22 58 11 50 59 82 5
10
33 19 22 63 62 50 83 74 82 11
10
22 68 66 62 63 50 82 74 17 9
10
31 22 0 62 63 50 25 74 82 11
10
65 22 11 50 83 64 74 59 82 58
10
79 36 33 22 55 73 50 74 82 11
10
33 37 19 22 42 62 63 82 51 9
9
79 51 22 74 82 59 4 9 58
9
31 65 37 22 78 64 82 51 9
9
79 37 18 22 68 51 67 82 11
10
37 51 22 62 63 25 82 59 9 58
9
79 36 37 22 58 50 59 82 11
9
70 37 22 42 83 82 51 9 79
10
65 33 37 22 55 7 64 82 51 9
9
31 51 22 57 74 82 59 9 79
9
37 19 22 1 82 51 17 9 79
9
36 33 37 19 22 83 82 9 79
10
79 91 37 51 22 58 25 59 82 11
9
70 37 22 42 83 82 51 9 79
9
79 37 19 22 16 51 17 82 11
9
36 37 22 7 82 46 51 9 79
9
22 63 62 50 83 82 74 17 9
10
79 51 21 30 83 25 76 74 82 11
10
37 22 68 66 3 63 82 51 9 79
10
31 70 37 22 62 63 82 72 51 9
10
79 91 22 60 61 50 82 74 9 5
10
33 37 22 11 62 63 72 51 82 5
10
51 22 62 63 83 74 82 59 9 58
9
79 22 74 48 82 59 8 9 58
9
33 37 51 21 38 82 40 9 79
10
31 37 22 7 6 63 62 51 82 11
9
36 37 22 68 82 51 67 9 79
9
79 36 33 37 19 22 51 82 11
10
51 22 62 63 74 25 82 59 9 58
9
31 36 37 18 22 82 51 9 79
9
36 33 22 83 25 82 74 9 79
9
70 37 21 83 25 82 51 9 79
10
31 36 51 22 7 62 63 82 74 9
10
33 37 22 43 60 61 82 51 9 79
9
37 22 52 83 82 51 17 9 79
10
33 37 51 22 11 62 63 59 82 58
10
37 22 68 0 66 30 82 51 9 79
9
51 22 60 61 74 82 40 9 79
9
79 37 19 22 68 66 51 82 11
10
33 37 19 22 0 62 63 82 51 9
10
33 21 60 61 50 25 82 74 9 79
9
37 19 22 83 82 51 17 9 79
9
79 37 51 18 22 82 59 9 58
10
79 91 22 60 61 50 82 74 9 5
9
70 37 22 82 72 51 17 9 79
9
79 70 51 22 60 61 74 82 11
10
79 33 37 51 22 58 25 59 82 11
10
33 51 22 68 66 25 82 74 9 79
9
79 22 58 50 74 59 8 82 11
9
79 91 37 35 22 82 51 9 5
9
36 65 51 22 64 82 74 17 9
11
33 37 68 21 66 62 63 30 51 82 11
10
37 22 42 62 63 1 43 51 82 11
9
79 33 37 19 22 38 51 82 11
10
65 33 37 77 21 64 82 51 9 79
9
36 33 37 22 55 82 51 9 79
9
36 37 19 22 82 51 17 9 79
10
31 37 19 22 3 62 63 82 51 9
9
88 21 15 71 6 50 82 80 31
10
31 36 88 21 15 71 6 80 51 82
10
88 68 21 15 71 50 80 8 67 82
9
88 21 15 0 71 3 48 80 82
10
88 68 21 15 71 3 48 67 80 82
10
31 36 88 21 15 71 6 50 80 82
10
31 36 88 21 15 71 6 50 80 82
10
88 68 21 15 71 3 48 67 80 82
