71
6
0 1 28 2 30 1
2
1 2
4
2 4 84 1
4
3 1 29 1
6
4 1 14 1 17 1
2
5 1
6
6 1 35 1 36 1
6
7 1 22 1 36 1
4
8 1 91 1
4
9 4 11 3
4
10 2 63 3
2
11 1
4
12 3 39 1
6
13 1 15 1 58 1
2
14 2
4
14 1 58 1
4
14 2 52 2
6
14 1 57 1 59 1
4
14 1 59 2
4
16 1 58 1
6
18 1 19 2 45 1
4
20 4 31 1
6
21 1 41 1 43 1
6
21 1 40 1 44 1
4
22 2 41 1
2
22 3
4
22 1 42 1
4
23 1 24 1
6
25 3 38 1 56 1
4
26 1 66 2
4
27 2 28 3
2
28 2
4
28 1 60 2
2
31 3
4
32 2 89 2
4
33 4 54 4
4
34 4 81 8
4
34 4 82 8
2
37 2
2
37 2
4
40 1 44 2
4
41 2 46 1
2
41 2
2
41 2
2
47 2
4
48 4 49 1
2
48 4
2
49 5
2
49 1
4
49 1 51 4
2
50 5
4
53 1 76 1
6
55 1 71 4 73 1
4
58 1 59 2
2
61 2
4
62 3 77 1
4
64 2 65 2
4
67 2 90 1
4
68 4 89 1
2
69 2
4
70 1 83 3
6
71 2 72 1 78 1
4
71 3 83 2
2
74 4
2
75 2
4
79 4 80 1
4
85 1 86 4
4
87 1 88 1
2
89 4
2
89 1
2
92 1
