379
10
81 39 85 13 24 76 6 35 18 66
10
81 39 85 13 24 76 6 35 18 66
10
40 81 85 13 24 76 6 35 18 66
10
81 39 85 13 24 76 6 35 18 66
10
81 39 85 13 24 76 6 35 18 66
10
81 39 85 13 24 76 6 35 18 66
10
81 39 85 13 24 76 6 35 18 66
10
81 39 85 13 24 76 6 35 18 66
10
81 39 85 13 24 76 6 35 18 66
10
81 39 85 13 24 76 6 35 18 66
9
81 34 39 85 13 24 76 6 18
10
81 39 85 13 24 76 6 35 18 66
10
81 39 85 13 24 76 6 35 18 66
10
81 39 85 13 24 76 6 35 18 66
10
81 39 85 13 24 76 6 35 18 66
9
81 34 39 85 13 24 76 6 18
10
81 39 85 13 24 76 6 35 18 66
10
81 39 85 13 24 76 6 35 18 66
10
81 39 85 13 24 76 6 35 18 66
10
81 39 85 13 24 76 6 35 18 66
10
81 39 85 13 24 76 6 35 18 66
10
81 39 85 13 24 76 6 35 18 66
10
81 39 85 13 24 76 6 35 18 66
10
81 39 85 13 24 76 6 35 18 66
10
40 81 85 13 24 76 6 35 18 66
10
81 39 85 13 24 76 6 35 18 66
10
81 39 85 13 24 76 6 35 18 66
10
81 39 85 13 24 76 6 35 18 66
10
81 39 85 13 24 76 6 35 18 66
10
81 39 85 13 24 76 6 35 18 66
10
81 39 85 13 24 76 6 35 18 66
10
81 39 85 13 24 76 6 35 18 66
10
81 39 85 13 24 76 6 35 18 66
10
81 39 85 13 24 76 6 35 18 66
10
81 39 85 13 24 76 6 35 18 66
10
81 39 85 13 24 76 6 35 18 66
10
81 39 85 13 24 76 6 35 18 66
10
81 39 85 13 24 76 6 35 18 66
10
81 39 85 13 24 76 6 35 18 66
10
81 39 85 13 24 76 6 35 18 66
10
81 39 85 13 24 76 6 35 18 66
10
81 39 85 13 24 76 6 35 18 66
10
81 39 85 13 24 76 6 35 18 66
10
81 39 85 13 24 76 6 35 18 66
10
81 39 85 13 24 76 6 35 18 66
11
81 39 51 16 49 85 76 6 35 18 66
10
81 39 85 13 24 76 6 35 18 66
10
40 81 85 13 24 76 6 35 18 66
10
81 39 85 13 24 76 6 35 18 66
10
81 39 85 13 24 76 6 35 18 66
10
81 39 85 13 24 76 6 35 18 66
10
81 39 85 13 24 76 6 35 18 66
10
81 34 39 85 13 24 76 6 18 66
10
81 39 85 13 24 76 6 35 18 66
10
81 39 85 13 24 76 6 35 18 66
10
81 39 85 13 24 76 6 35 18 66
10
40 81 85 13 24 76 6 35 18 66
10
81 39 85 13 24 76 6 35 18 66
10
81 39 85 13 24 76 6 35 18 66
10
81 39 85 13 24 76 6 35 18 66
10
81 39 85 13 24 76 6 35 18 66
9
81 39 44 85 13 24 76 6 35
10
81 39 44 85 13 24 76 6 35 66
10
81 39 44 85 13 24 76 6 35 66
10
40 81 44 85 13 24 76 6 35 66
10
81 39 44 85 13 24 76 6 35 66
10
40 81 44 85 13 24 76 6 35 66
10
81 39 44 85 13 24 76 6 35 66
10
81 39 44 85 13 24 76 6 35 66
10
81 39 44 85 13 24 76 6 35 66
10
81 39 44 85 13 24 76 6 35 66
10
81 39 44 85 13 24 76 6 3 66
10
81 39 44 85 13 24 76 6 35 66
10
81 39 44 85 13 24 76 6 35 66
10
81 39 44 85 13 24 76 6 35 66
10
81 39 44 85 13 24 76 6 35 66
10
81 39 44 85 13 24 76 6 35 66
9
81 39 44 85 13 24 76 6 35
10
81 34 39 44 85 13 24 76 6 66
10
81 39 44 85 13 24 76 6 35 66
10
81 39 44 85 13 24 76 6 35 66
9
81 39 44 85 13 24 76 6 35
10
81 39 44 85 13 24 76 6 35 66
10
81 39 44 85 13 24 76 6 35 66
10
81 39 44 85 13 24 76 6 35 66
10
81 39 44 85 13 24 76 6 35 66
10
81 39 44 85 13 24 76 6 35 66
10
81 39 44 85 13 24 76 6 35 66
10
81 39 44 85 13 24 76 6 35 66
10
40 81 44 85 13 24 76 6 35 66
10
81 39 44 85 13 24 76 6 35 66
10
81 39 44 85 13 24 76 6 35 66
11
81 39 44 51 49 85 76 24 6 35 66
10
81 39 44 85 13 24 76 6 35 66
10
40 81 44 85 13 24 76 6 35 66
10
81 39 44 85 13 24 76 6 35 66
10
81 34 39 44 85 13 24 76 6 66
10
81 39 44 85 13 24 76 6 35 66
10
81 34 39 44 85 13 24 76 6 66
11
81 61 39 44 63 13 24 76 6 35 66
10
81 39 44 85 13 24 76 6 35 66
10
81 39 44 85 13 24 76 6 35 66
10
81 39 44 85 13 24 76 6 35 66
10
81 39 44 85 13 24 76 6 35 66
10
81 39 44 85 13 24 76 6 35 66
10
81 39 44 85 13 24 76 6 35 66
10
81 39 44 85 13 24 76 6 35 66
10
81 39 44 85 13 24 76 6 35 66
10
81 39 44 85 13 24 76 6 35 66
10
81 39 44 85 13 24 76 6 35 66
10
81 39 44 85 13 24 76 6 35 66
10
81 39 44 85 13 24 76 6 35 66
9
81 39 44 85 13 24 76 6 35
10
81 39 44 85 13 24 76 6 35 66
10
81 39 44 85 13 24 76 6 35 66
10
40 81 44 85 13 24 76 6 35 66
10
81 39 44 85 13 24 76 6 35 66
10
40 81 44 85 13 24 76 6 35 66
10
40 81 44 85 13 24 76 6 35 66
8
34 82 39 44 14 31 76 86
8
34 82 39 44 14 31 76 86
8
40 34 82 14 31 76 18 86
8
40 34 82 14 31 76 18 86
8
34 82 39 44 14 31 76 86
8
34 82 39 44 14 31 76 86
8
34 82 39 44 14 31 76 86
8
34 82 39 44 14 31 76 86
8
34 82 39 44 14 31 76 86
8
34 82 39 44 14 31 76 86
8
34 82 39 44 14 31 76 86
8
40 34 82 14 31 76 18 86
8
40 34 82 14 31 76 18 86
8
40 34 82 44 14 31 76 86
10
71 50 38 2 65 78 9 74 70 47
8
45 30 68 38 65 78 70 17
8
12 4 38 65 78 15 74 70
9
11 55 64 78 74 29 87 52 0
11
48 73 50 38 2 65 78 74 70 87 17
10
73 55 4 38 2 65 78 29 52 37
9
73 60 2 65 78 62 74 70 0
7
12 73 38 64 65 78 74
8
27 30 4 38 64 78 84 42
9
45 73 61 68 63 78 74 70 0
8
12 30 38 60 2 78 62 70
7
11 64 78 15 74 87 0
7
12 11 78 15 74 0 37
9
12 73 71 38 64 2 65 78 9
8
12 4 2 65 78 74 17 37
8
71 78 74 36 29 84 8 37
10
48 21 73 50 2 65 26 78 46 37
8
11 73 4 60 38 78 62 37
10
73 50 2 65 26 78 74 70 47 0
11
45 12 30 73 68 60 65 78 62 70 0
10
73 50 22 38 2 78 70 36 29 47
10
73 30 60 65 78 62 15 37 0 42
10
11 55 68 64 78 9 74 52 0 42
8
27 73 38 65 78 74 36 37
9
40 50 58 20 77 65 59 42 47
10
12 27 73 4 2 65 78 74 0 37
11
27 71 30 55 73 65 78 70 52 0 42
10
12 27 30 73 60 65 78 62 0 37
8
73 50 2 78 74 70 47 0
9
27 30 65 78 36 7 0 67 37
8
27 30 38 60 2 78 62 70
10
12 27 73 38 87 2 78 74 70 84
9
27 71 38 2 65 78 74 70 17
10
27 30 73 4 38 2 65 78 70 42
8
48 50 38 78 70 87 17 42
9
73 30 4 60 65 78 62 0 37
8
73 38 2 65 78 74 70 87
12
72 12 73 58 22 38 65 78 9 29 59 37
10
48 50 30 2 65 78 74 70 17 0
7
30 38 16 65 78 74 70
9
73 30 38 64 78 74 36 84 0
10
12 73 30 55 64 2 78 36 52 0
7
11 73 30 4 64 78 74
9
30 55 2 65 78 74 29 52 37
8
38 2 65 26 78 74 70 29
11
12 73 50 38 2 65 78 74 46 47 37
8
11 50 4 38 78 70 7 47
7
48 11 12 50 64 78 0
10
53 73 55 38 2 65 78 74 87 37
10
11 27 38 78 74 70 33 8 0 67
11
12 27 73 55 38 2 78 70 87 84 52
9
27 73 38 16 65 78 70 17 42
9
48 73 50 64 2 78 74 43 0
10
27 50 2 65 26 78 74 47 37 0
9
27 73 38 2 65 78 74 36 37
10
73 50 2 65 26 78 74 70 47 0
7
2 65 78 15 74 70 0
6
27 2 65 78 74 37
9
50 38 2 78 74 70 87 84 47
9
27 30 73 2 65 78 70 87 0
9
48 45 73 50 4 68 64 78 0
9
12 55 87 78 29 84 52 0 37
11
45 27 50 73 68 65 78 74 47 37 0
10
48 50 4 65 26 78 74 84 67 37
9
72 21 11 73 2 78 74 0 37
11
27 71 38 60 2 65 78 62 74 17 37
9
12 38 60 2 78 62 36 37 42
8
30 60 2 65 78 62 0 37
9
12 27 38 64 16 2 78 74 84
7
12 78 74 70 29 84 0
8
30 55 2 78 74 70 52 0
9
73 60 65 78 62 74 70 0 42
9
48 73 50 2 78 26 70 84 0
8
12 73 50 68 64 78 47 0
9
27 38 60 16 65 78 62 70 67
8
21 27 73 38 16 65 78 70
7
12 30 4 38 2 78 70
9
27 50 2 65 78 74 47 37 0
10
27 30 73 4 38 2 65 78 74 70
9
48 73 50 2 65 78 74 0 37
9
73 50 65 78 74 29 47 37 0
9
55 38 2 65 78 74 70 29 52
10
27 32 57 41 20 60 77 56 62 69
9
40 19 77 2 85 75 10 5 79
9
4 60 38 2 65 78 62 74 70
6
30 68 64 78 74 0
10
48 73 30 50 78 70 84 87 7 0
12
12 73 50 38 2 65 78 74 29 87 47 37
8
27 73 2 65 78 74 70 87
9
12 73 30 16 65 78 29 0 37
10
11 27 30 73 38 2 65 78 74 70
9
73 50 2 65 26 78 70 47 0
9
27 50 38 2 65 78 74 70 47
9
48 27 50 73 22 2 65 78 37
10
27 50 19 41 57 77 56 75 47 5
9
73 60 51 49 78 62 70 36 0
8
21 55 38 64 65 78 46 52
10
73 50 2 65 26 78 74 70 47 0
8
73 30 4 38 64 2 78 84
8
12 73 4 60 78 62 74 70
11
12 27 73 4 51 65 49 78 15 0 37
8
73 30 38 60 2 78 62 70
10
45 27 12 4 68 2 65 78 74 37
9
12 73 50 64 78 74 47 42 0
9
48 12 73 50 64 2 78 84 0
9
48 12 27 50 38 2 65 78 70
11
72 12 27 64 54 65 26 78 74 43 46
8
53 27 71 55 38 78 33 1
6
38 23 78 7 1 8
4
1 28 54 78
4
1 23 0 78
6
30 57 54 56 78 1
6
53 55 78 17 1 0
6
22 57 56 78 1 0
5
53 55 20 78 1
10
53 27 55 22 57 56 78 33 87 1
6
38 23 78 7 1 79
4
1 23 0 78
10
40 50 57 20 77 56 29 69 47 5
10
40 57 20 60 77 56 62 46 69 5
9
40 19 55 77 10 69 52 5 79
9
41 57 20 77 56 28 33 69 5
10
40 58 61 22 20 77 63 69 59 5
9
40 32 69 20 77 51 49 10 17
10
61 20 23 63 77 10 87 69 0 5
10
40 71 20 60 77 9 62 10 69 5
10
40 71 32 20 60 77 62 75 10 7
9
40 30 58 32 20 77 2 69 59
10
48 40 50 58 5 20 77 69 59 67
10
53 58 55 41 20 77 46 69 59 5
10
40 19 61 57 22 77 63 56 69 5
10
50 71 41 20 77 9 10 69 47 5
9
40 30 58 69 5 77 7 59 3
9
48 40 50 32 77 10 29 69 3
10
40 27 58 20 77 16 28 69 59 5
10
48 50 58 32 41 20 77 29 69 59
10
48 40 50 57 20 77 56 69 5 42
10
40 61 57 69 20 77 63 56 7 5
9
40 19 32 69 60 77 62 10 7
10
40 55 57 20 77 56 29 69 52 5
10
58 41 61 22 20 77 63 69 59 5
9
19 41 57 77 56 43 46 69 5
10
40 57 69 20 77 56 65 24 17 5
10
48 50 57 20 77 56 69 0 5 42
10
40 57 20 77 51 56 49 65 69 5
10
40 27 58 20 60 77 62 69 59 5
9
40 32 22 61 20 77 63 10 69
11
48 40 50 58 19 71 77 29 69 59 5
10
40 19 61 57 22 77 63 56 69 5
10
72 40 21 57 20 77 56 29 69 5
10
40 57 20 60 77 56 62 33 69 5
10
48 40 50 57 69 5 77 56 17 3
10
40 19 61 57 22 77 63 56 69 5
10
40 71 19 60 77 9 62 10 69 5
10
48 40 50 58 5 77 29 69 59 3
10
40 58 69 20 77 65 85 17 59 5
9
53 40 55 69 20 77 10 7 5
10
40 27 58 69 5 77 17 59 3 79
9
19 55 32 41 77 85 75 10 52
9
48 50 32 69 41 77 10 17 3
10
40 71 58 20 77 9 69 59 5 79
8
40 32 57 20 77 54 56 69
9
40 30 58 20 77 2 69 59 5
10
40 58 69 5 77 51 49 17 59 3
8
41 57 20 77 56 2 69 5
9
40 55 20 77 10 46 69 52 5
9
48 50 69 20 77 10 7 0 5
10
71 32 61 41 20 77 63 75 10 79
10
61 57 22 20 77 63 56 69 0 5
9
40 20 23 77 16 10 69 5 79
10
40 27 58 20 77 16 85 69 59 5
10
40 30 32 57 77 56 29 69 3 79
10
58 32 41 20 60 77 2 62 69 59
10
40 57 20 77 51 56 2 49 69 5
9
40 20 60 77 16 62 10 69 5
10
40 55 57 69 20 77 56 7 52 5
9
50 20 77 2 10 69 47 5 0
9
32 41 20 77 51 49 75 10 17
9
41 22 61 5 77 63 75 10 3
9
40 20 60 77 16 62 75 10 5
10
40 71 32 57 20 77 56 9 75 10
9
48 30 50 32 41 20 77 75 10
10
32 57 41 20 60 77 56 62 75 43
9
55 32 41 20 77 75 10 7 52
10
19 41 57 60 77 56 62 46 69 5
10
32 57 41 20 77 51 56 49 28 75
10
48 27 50 19 32 77 65 75 10 0
9
32 20 77 28 33 75 10 43 0
9
32 41 20 77 51 49 75 10 79
9
32 41 20 77 9 28 75 10 42
10
27 32 57 41 60 77 56 62 75 3
9
19 32 41 60 77 62 75 10 43
10
32 57 41 20 77 54 56 26 75 7
9
48 50 32 41 20 77 75 10 67
10
40 32 57 77 51 56 2 49 75 3
9
32 22 61 41 77 63 75 10 3
9
45 30 32 41 20 77 75 10 8
9
58 32 41 20 77 75 59 67 42
10
40 61 57 22 20 77 63 56 75 5
9
32 22 61 41 20 77 63 75 10
9
21 32 41 20 77 28 75 10 67
9
30 32 57 41 77 56 75 7 3
10
40 32 61 57 22 20 77 63 56 75
9
27 32 41 20 60 77 62 75 10
10
48 30 58 50 32 41 20 77 75 59
9
58 32 41 20 77 51 49 75 59
8
40 19 32 34 77 54 75 10
9
27 32 41 20 77 13 75 10 67
9
40 20 77 51 16 49 75 10 5
10
27 58 55 32 20 77 69 52 59 0
9
40 22 61 20 77 63 75 10 5
9
40 30 32 77 2 75 10 7 3
9
32 41 77 51 16 49 75 10 3
9
32 22 61 41 20 77 63 75 10
9
32 22 61 41 77 63 75 10 3
9
32 41 20 60 77 16 62 75 10
10
32 57 41 60 77 56 62 75 17 3
9
20 77 51 16 49 75 10 0 5
9
32 41 20 77 51 16 49 75 10
9
21 55 41 20 77 75 10 52 5
9
40 30 20 77 51 49 75 10 5
9
32 61 41 77 63 3 10 75 67
9
32 57 41 20 77 54 56 28 75
9
55 32 41 20 77 75 10 29 52
9
32 41 67 77 65 75 10 17 3
10
41 57 20 60 77 56 62 75 29 5
9
27 32 20 77 16 2 75 10 0
9
50 32 20 77 75 10 47 42 0
9
30 32 41 67 77 75 10 17 3
9
58 32 20 60 77 62 75 59 0
9
53 55 32 20 77 75 10 46 0
10
48 50 32 57 41 20 77 56 75 43
9
41 20 77 16 2 75 10 5 79
10
72 71 32 41 20 60 77 62 75 10
9
30 32 41 67 77 75 10 17 3
9
32 20 77 51 16 49 75 10 0
10
27 55 32 41 20 77 65 75 10 52
8
19 41 83 77 80 28 25 66
8
19 41 83 77 80 28 25 66
7
19 83 77 80 0 25 66
9
19 41 83 77 80 28 76 25 66
8
19 41 83 77 80 7 25 66
8
25 19 83 77 80 0 8 66
7
19 83 77 80 0 25 66
8
25 19 41 83 77 80 8 66
7
19 41 83 77 80 28 25
