75
4
0 1 39 4
2
0 4
6
1 1 82 1 83 1
2
2 1
2
2 4
6
2 1 66 2 67 1
4
3 2 36 1
6
4 1 30 1 74 1
4
4 1 17 2
2
5 4
2
6 4
2
6 4
6
7 1 15 1 48 1
4
8 1 20 1
6
9 1 57 1 71 1
2
10 4
4
11 1 65 5
2
12 2
4
13 2 47 1
6
13 2 50 1 51 1
2
13 3
6
13 1 47 1 50 1
8
14 1 48 1 49 1 50 1
4
16 2 79 1
4
18 4 27 3
4
19 1 34 1
4
19 1 35 2
2
20 1
2
20 2
4
20 1 35 1
4
20 1 30 2
4
21 1 59 2
4
22 2 85 1
4
23 1 52 1
4
24 3 26 1
2
24 3
4
24 2 54 1
6
25 1 33 1 46 1
6
28 1 62 3 86 1
4
29 2 44 4
2
31 1
2
32 4
4
34 1 35 2
4
35 1 74 2
2
35 2
2
37 3
2
38 4
2
39 2
2
39 2
2
40 5
2
41 4
6
42 1 58 2 72 1
8
43 1 52 1 53 1 73 2
6
45 1 66 4 68 1
4
50 1 51 1
2
55 2
4
56 3 73 2
2
57 2
4
60 1 85 2
6
60 1 85 2 87 2
4
60 1 85 2
4
61 2 85 1
2
63 2
2
64 2
2
66 3
2
69 4
2
70 4
2
74 3
2
75 3
2
75 1
4
76 8 78 4
4
77 8 78 4
4
80 1 81 6
2
81 2
2
84 1
