388
8
41 61 24 59 85 78 69 33
8
41 93 13 85 73 69 33 49
8
41 85 70 51 69 53 20 2
9
41 85 70 78 69 31 53 50 2
10
58 41 55 37 85 70 51 40 53 2
9
0 58 37 55 24 85 75 78 2
6
25 58 55 85 70 40
9
41 76 85 70 51 40 53 77 2
9
41 4 85 70 79 51 40 53 2
8
41 4 85 70 73 40 31 49
9
41 37 4 85 70 75 32 33 49
8
41 93 85 70 51 75 53 2
7
41 58 56 85 70 40 2
7
41 85 70 51 40 53 33
9
0 17 38 85 79 70 69 49 2
9
41 85 79 70 78 14 72 69 20
8
41 93 85 70 78 69 20 2
8
0 58 55 13 85 40 20 2
10
41 85 70 51 75 78 32 53 20 2
10
41 76 85 70 51 79 40 31 53 2
9
41 85 70 51 40 32 53 29 2
10
81 41 85 51 78 69 32 53 33 2
11
41 93 85 79 51 75 78 29 53 20 2
10
41 47 76 93 85 75 78 14 32 57
7
41 85 79 70 40 31 77
10
58 41 55 4 37 13 85 79 78 69
7
41 85 79 70 40 33 2
9
0 13 85 51 40 31 53 20 2
9
41 85 79 70 78 69 77 50 2
10
81 41 85 79 51 75 78 31 53 2
7
46 41 76 85 70 69 2
10
41 11 85 70 78 69 31 53 50 2
8
58 41 55 85 70 40 33 2
9
41 85 70 79 51 40 78 53 2
8
41 76 85 79 70 40 31 77
8
41 13 38 85 73 78 69 49
10
41 37 4 93 13 38 85 75 78 72
10
41 47 11 85 70 75 10 32 2 57
9
41 16 11 85 5 14 29 2 57
9
41 64 93 13 85 75 67 39 2
10
41 13 11 85 79 51 40 53 77 2
10
41 11 85 70 79 51 40 78 53 2
9
41 13 85 79 73 69 7 32 49
7
81 41 37 85 40 32 33
8
41 4 85 70 40 20 33 49
7
81 41 85 75 51 53 2
8
81 58 55 85 78 40 32 2
9
41 85 70 51 79 75 32 53 2
9
85 70 51 40 14 78 8 53 2
8
41 85 70 78 40 32 33 2
8
81 41 76 11 38 85 40 14
8
41 64 13 85 75 78 67 2
11
58 41 56 4 85 70 19 79 40 20 2
7
0 11 85 70 78 69 39
8
41 85 70 78 69 20 33 2
11
25 41 85 70 51 40 78 32 8 53 2
8
54 85 70 19 52 69 33 49
10
41 38 85 70 75 72 32 39 33 2
10
0 11 85 70 51 79 75 53 20 2
7
46 41 85 70 40 31 2
7
41 64 85 70 75 32 2
10
41 93 13 85 73 78 69 7 32 49
9
41 85 70 78 40 32 53 50 2
8
81 41 85 78 69 32 8 2
10
41 85 70 51 79 14 40 31 53 2
8
41 37 85 70 78 40 32 2
10
54 41 37 18 85 78 40 52 72 10
8
93 85 70 40 31 53 50 2
7
46 81 41 58 55 85 40
8
0 41 64 85 70 75 67 77
8
41 13 85 79 69 7 30 2
9
41 85 70 40 53 33 31 50 2
9
58 41 55 85 79 70 73 75 20
9
0 17 85 79 70 75 39 31 33
7
41 24 85 79 70 69 33
10
41 93 85 79 70 73 14 78 69 49
9
41 85 70 51 79 40 31 53 2
9
81 41 85 51 40 78 8 53 2
9
41 13 85 79 73 78 69 33 49
9
41 38 85 70 51 40 39 53 2
8
41 85 70 79 51 40 53 2
8
41 37 85 79 70 69 33 2
9
41 64 85 70 40 67 20 49 2
8
41 17 24 85 70 78 40 20
11
41 64 11 85 70 51 40 67 32 53 2
8
41 4 85 70 51 40 53 49
10
41 17 13 85 79 70 78 14 69 2
7
85 70 78 40 29 30 2
9
41 85 70 51 40 78 29 53 2
10
41 37 24 93 13 85 40 53 33 50
7
41 4 85 70 40 20 33
9
0 81 11 85 51 69 53 20 2
9
41 4 85 70 51 75 53 33 2
9
41 37 93 85 70 75 32 33 2
7
58 55 85 70 40 20 2
8
46 41 85 70 78 40 20 2
9
0 93 11 85 70 75 78 14 20
7
41 85 79 70 40 14 2
10
41 37 85 70 14 33 69 8 20 2
10
41 64 85 70 79 40 78 7 67 2
9
41 61 11 85 70 75 60 32 2
10
41 38 85 70 51 73 69 53 49 2
11
41 11 85 70 51 75 14 78 53 33 2
8
81 17 4 85 79 78 40 20
7
64 85 70 69 67 33 2
9
41 4 38 85 70 51 75 53 2
10
82 23 61 84 44 59 29 30 34 35
8
58 56 85 79 70 40 78 20
11
47 85 70 78 14 69 10 31 29 30 57
7
41 13 85 79 40 31 77
10
54 41 4 13 85 78 40 52 31 20
9
41 37 4 24 13 85 40 33 2
5
17 13 85 75 31
9
46 41 85 70 40 20 53 50 2
6
0 45 93 85 1 7
8
0 58 61 56 45 85 1 60
7
25 85 1 68 66 31 80
8
0 58 61 56 85 1 31 60
7
0 61 45 85 1 33 60
7
58 61 56 85 1 80 60
5
58 56 1 85 80
8
0 61 45 85 1 80 71 60
9
74 12 23 84 43 68 66 33 34
10
25 74 0 23 61 84 59 5 68 66
9
12 82 84 43 51 53 3 34 9
9
74 12 84 43 51 5 10 53 3
10
74 12 46 23 61 84 59 43 31 34
9
74 54 12 84 43 19 5 52 3
10
25 74 23 61 84 44 5 68 66 60
9
25 12 74 23 84 43 5 68 66
10
82 23 61 84 18 44 19 5 32 60
9
12 88 42 16 83 21 26 91 35
10
74 12 23 64 84 47 43 5 67 29
9
74 12 23 84 43 51 5 53 2
10
74 23 61 84 59 43 5 29 30 57
10
74 23 84 43 5 7 62 32 63 2
10
74 12 84 22 70 43 29 71 34 57
10
25 82 23 61 84 44 68 66 34 60
10
74 12 23 64 84 47 43 5 67 29
9
74 12 23 84 43 51 5 53 2
10
74 23 61 84 59 70 43 5 32 2
9
74 35 84 43 5 62 63 2 22
9
74 12 23 64 84 47 43 67 34
10
74 23 61 84 47 44 59 31 34 2
10
74 23 64 84 18 44 5 67 62 63
9
74 0 58 23 84 56 70 5 2
9
25 12 74 23 84 43 5 68 66
10
74 54 84 44 5 52 62 32 63 22
10
74 61 84 59 43 51 5 32 53 3
10
74 84 43 5 68 66 62 3 33 63
10
74 23 61 84 44 59 5 68 66 8
9
74 23 61 84 59 43 68 66 34
9
74 12 23 84 45 43 5 72 10
10
82 23 61 84 44 59 5 68 66 20
9
74 23 84 43 19 5 72 62 63
8
74 12 23 84 43 5 7 2
9
74 54 12 84 43 19 5 52 3
9
74 12 23 84 18 43 19 5 10
10
74 12 58 64 84 56 44 5 67 22
10
74 23 61 84 18 59 43 5 72 31
9
74 12 84 43 5 68 66 3 33
11
74 23 61 64 84 47 44 59 5 67 32
10
82 61 64 84 44 59 5 67 3 31
10
74 23 84 18 44 5 72 62 32 63
9
74 12 58 84 56 43 5 3 33
8
74 12 23 84 16 18 43 5
10
74 84 17 43 62 3 33 32 34 63
10
74 54 23 61 84 18 44 5 52 60
9
74 0 23 61 84 59 5 68 66
9
74 23 61 84 59 43 5 31 2
8
74 12 23 84 76 43 77 34
10
74 23 61 84 44 59 5 31 33 2
9
74 12 23 84 43 51 5 53 2
10
82 61 64 84 47 59 43 5 67 22
9
74 12 84 43 33 32 20 3 34
10
74 84 44 70 5 33 62 10 3 63
9
74 35 61 84 59 43 5 7 22
9
74 12 0 23 84 18 19 5 72
10
74 54 23 61 84 44 59 5 52 2
9
74 12 23 84 43 5 7 2 9
10
74 84 70 43 5 62 3 33 63 2
10
74 12 23 64 84 11 43 5 67 29
9
88 42 48 16 83 26 36 71 91
9
12 82 23 84 44 76 77 34 9
11
54 82 84 44 52 10 3 33 62 34 63
10
74 0 61 84 59 5 68 66 20 3
10
82 23 61 64 84 59 43 19 5 67
10
12 82 0 58 23 55 84 5 29 2
9
12 82 84 44 51 33 53 3 34
9
12 82 23 84 44 51 53 34 2
11
82 23 61 84 44 13 59 68 66 32 34
10
12 82 23 84 43 68 66 31 33 34
10
82 12 37 84 4 44 32 39 33 34
10
82 84 45 44 51 62 53 34 63 22
10
82 23 84 18 45 43 19 62 34 63
10
25 82 23 61 84 44 59 68 66 34
10
82 23 61 84 44 59 31 34 2 9
9
25 12 82 84 44 68 66 3 34
9
54 12 82 23 84 44 52 71 34
10
82 12 64 84 43 5 67 29 30 22
10
12 82 64 84 47 43 67 29 34 22
9
42 6 48 16 91 83 71 26 35
10
82 23 61 84 44 60 7 31 34 2
9
12 82 23 84 43 51 53 71 34
10
82 84 44 72 62 3 33 34 32 63
10
82 23 84 18 44 5 72 62 32 63
10
12 82 23 84 45 44 70 51 53 34
10
12 82 23 64 84 47 43 67 29 34
9
12 82 23 84 76 43 7 77 34
10
82 84 44 62 3 33 34 31 63 2
9
25 12 82 23 84 43 5 68 66
10
54 12 82 23 61 84 0 59 52 34
9
25 12 82 23 84 44 68 66 34
10
54 82 84 45 44 52 62 3 34 63
9
82 12 23 84 17 45 43 34 2
10
82 23 61 84 59 43 68 66 8 34
9
74 0 23 61 84 59 5 31 57
10
82 23 84 44 7 62 34 33 32 63
10
82 58 61 84 56 44 5 7 60 22
9
12 82 23 84 44 51 72 53 34
9
82 12 58 55 84 16 44 5 22
10
25 12 82 58 23 84 56 44 32 34
9
12 82 23 84 47 44 51 53 34
9
25 12 82 84 43 68 66 3 34
9
82 84 44 62 3 33 34 63 2
10
74 12 64 84 44 67 29 20 3 34
9
25 12 82 23 84 44 68 66 34
10
82 84 43 62 20 3 34 31 63 2
9
12 82 23 64 84 44 5 67 9
10
12 82 64 84 44 67 3 31 34 9
9
82 23 61 84 47 44 59 30 34
9
12 82 23 64 84 43 19 67 34
9
12 82 84 44 33 32 20 3 34
10
74 23 61 84 47 44 59 30 34 57
9
12 82 84 44 68 66 71 34 22
9
82 84 44 5 33 62 10 3 63
10
82 23 61 84 18 44 60 5 33 2
9
74 12 0 23 64 84 67 34 2
9
54 12 82 84 43 52 3 33 34
9
25 12 82 0 23 84 68 66 34
9
12 82 0 84 51 33 53 3 34
8
84 44 87 28 7 90 71 22
7
84 87 43 28 90 71 22
9
0 58 84 56 87 90 71 9 22
9
0 84 87 28 67 90 65 71 22
8
84 44 87 28 7 90 71 22
9
84 44 87 28 67 90 65 71 22
8
84 44 87 28 7 90 71 22
8
84 44 87 28 31 90 71 22
8
84 44 87 28 7 90 71 22
8
84 87 43 28 7 90 71 22
9
84 44 87 28 67 90 65 71 22
10
0 84 87 28 67 32 90 65 71 22
9
0 84 87 28 67 90 65 71 22
9
6 48 16 91 83 43 36 71 26
9
42 6 48 16 83 26 36 71 91
9
42 6 48 16 83 26 36 71 91
9
42 6 48 16 83 26 36 71 91
9
42 6 48 16 83 26 36 71 91
9
42 6 48 16 83 26 36 71 91
9
42 6 48 16 83 26 36 71 91
9
42 6 48 16 83 26 36 71 91
9
42 6 48 16 83 26 36 71 91
9
42 6 48 16 83 26 36 10 91
9
42 6 48 16 83 26 36 71 91
9
42 6 48 16 83 26 36 71 91
9
42 6 48 16 83 26 36 71 91
9
42 6 48 16 83 26 36 71 91
9
42 6 48 16 83 26 36 71 91
9
42 6 48 16 83 26 36 71 91
9
42 6 48 16 83 26 36 71 91
9
42 6 48 16 83 26 36 71 91
9
42 6 48 16 83 26 36 71 91
9
42 6 48 16 83 26 36 71 91
9
42 6 48 16 83 26 36 71 91
9
42 6 48 16 83 26 36 71 91
9
42 6 48 16 83 26 36 71 91
9
42 6 48 16 83 26 36 71 91
9
42 6 48 16 83 26 36 71 91
9
42 6 48 16 83 26 36 71 91
9
42 6 48 16 83 26 36 71 91
9
42 6 48 16 83 26 36 71 91
9
42 6 48 16 83 26 36 71 91
9
42 6 48 16 83 26 36 71 91
9
42 6 48 16 83 26 36 71 91
9
42 6 48 16 83 26 36 71 91
9
42 6 48 16 83 26 36 71 91
9
42 6 48 16 83 26 36 71 91
9
42 6 48 16 83 26 36 71 91
9
42 6 48 16 83 26 36 71 91
9
42 6 48 16 83 26 36 71 91
9
42 6 48 16 83 26 36 71 91
9
42 6 48 16 83 26 36 71 91
9
42 6 48 16 83 26 36 71 91
9
42 6 48 16 83 26 36 71 91
9
42 6 48 16 83 26 36 71 91
9
42 6 48 16 83 26 36 71 91
9
42 6 48 16 83 26 36 71 91
9
6 48 16 91 83 43 36 71 26
9
42 6 48 16 83 26 36 71 91
9
42 6 48 16 83 26 36 71 91
9
42 6 48 16 83 26 36 71 91
9
42 6 48 16 83 26 36 71 91
9
42 6 48 16 83 26 36 71 91
9
42 6 48 16 83 26 36 71 91
9
42 6 48 16 83 26 36 71 91
9
6 48 16 91 83 43 36 71 26
9
42 6 48 16 83 26 36 71 91
9
42 6 48 16 83 26 36 71 91
9
42 6 48 16 83 26 36 71 91
9
42 6 48 16 83 26 36 71 91
9
42 6 48 16 83 26 36 71 91
9
42 6 48 16 83 26 36 71 91
9
42 6 48 16 83 26 36 71 91
9
88 16 91 83 43 21 36 71 26
9
88 16 91 83 43 21 36 71 26
9
88 16 91 83 43 21 36 71 26
9
88 42 16 83 21 26 36 71 91
9
88 42 16 83 21 26 36 71 91
9
88 42 16 83 21 26 36 10 91
9
88 42 16 83 21 26 36 71 91
9
88 42 16 83 21 26 36 71 91
9
88 42 16 83 21 26 36 71 91
9
88 42 16 83 21 26 36 71 91
9
88 42 16 83 21 26 36 71 91
9
88 42 16 83 21 26 36 71 91
9
88 42 16 83 21 26 36 71 91
9
88 42 16 83 21 26 36 71 91
9
88 42 16 83 21 26 36 71 91
9
88 42 16 83 21 26 36 71 91
9
88 16 91 83 43 21 36 71 26
9
88 42 16 83 21 26 36 71 91
9
88 42 16 83 21 26 36 71 91
9
88 42 16 83 21 26 36 71 91
9
88 42 16 91 83 21 71 26 35
9
88 42 16 83 21 26 36 71 91
9
88 42 16 83 21 26 36 10 91
9
88 42 16 83 21 26 36 71 91
9
88 16 91 83 43 21 36 71 26
9
88 42 16 83 21 26 36 71 91
9
88 42 16 83 21 26 36 71 91
9
88 42 16 83 21 26 36 71 91
9
88 42 16 83 21 26 36 71 91
9
88 42 16 83 21 26 36 71 91
9
88 42 16 83 21 26 36 71 91
9
88 42 16 83 21 26 36 71 91
9
88 42 16 83 21 26 36 71 91
9
88 42 16 83 21 26 36 71 91
9
88 42 16 83 21 26 36 71 91
9
88 16 83 43 21 26 36 10 91
9
88 42 16 83 21 26 36 71 91
9
88 42 16 83 21 26 36 71 91
9
88 42 16 83 21 26 36 71 91
9
88 42 16 83 21 26 36 71 91
9
88 42 16 83 21 26 36 71 91
9
88 42 16 91 83 21 71 26 35
9
88 42 16 83 21 26 36 71 91
9
88 42 16 83 21 26 36 71 91
9
88 42 16 83 21 26 36 71 91
9
88 42 16 83 21 26 36 71 91
9
88 42 16 83 21 26 36 71 91
9
88 42 16 83 21 26 36 71 91
9
88 42 16 83 21 26 36 71 91
9
88 42 16 83 21 26 36 71 91
9
88 42 16 83 21 26 36 71 91
9
88 42 16 83 21 26 36 71 91
9
88 16 91 83 43 21 36 71 26
9
88 16 91 83 43 21 36 71 26
9
88 42 16 83 21 26 36 71 91
9
88 42 16 83 21 26 36 71 91
9
88 42 16 91 83 21 71 26 35
9
88 42 16 83 21 26 36 71 91
9
88 42 16 83 21 26 36 71 91
9
88 42 16 83 21 26 36 71 91
9
86 42 15 83 92 21 27 89 35
9
86 42 15 83 92 21 27 89 35
9
86 42 15 83 92 21 27 89 35
10
86 58 56 15 83 43 21 92 89 35
9
86 42 15 83 92 21 27 89 35
9
86 42 15 83 92 21 27 89 35
9
86 42 15 83 92 21 27 89 35
10
86 58 56 15 83 43 21 92 89 35
9
86 42 48 15 83 92 27 89 35
9
86 42 48 15 83 92 27 89 35
9
86 48 15 83 43 92 27 89 35
9
86 42 48 15 83 92 27 89 35
9
86 42 48 15 83 92 27 89 35
9
86 42 48 15 83 92 27 89 35
