74
2
0 2
4
1 1 70 5
4
2 3 10 1
4
2 3 71 1
4
3 1 38 1
6
3 1 33 1 39 1
6
4 1 20 2 37 1
2
5 4
6
6 2 13 2 81 1
6
6 2 89 1 90 1
6
7 1 16 1 18 1
4
8 1 66 1
6
9 1 33 1 35 1
4
11 1 61 1
2
12 4
2
14 1
8
15 1 17 1 51 1 52 1
4
16 2 53 1
2
16 3
6
16 1 19 1 78 1
4
16 1 50 1
4
21 4 31 2
4
22 1 33 1
6
22 1 23 1 80 1
2
23 1
4
23 2 79 1
2
23 2
6
24 1 61 1 62 2
2
25 1
2
26 3
4
26 2 55 1
4
26 3 29 1
4
27 1 28 1
2
30 1
4
32 3 48 4
2
34 4
6
35 1 36 1 79 1
2
36 2
2
36 2
2
36 2
6
36 1 79 1 93 1
2
40 4
2
41 3
2
41 3
2
42 5
2
42 2
4
42 1 44 4
2
43 5
4
45 1 54 1
6
46 1 60 1 63 2
6
47 1 56 1 78 2
6
49 1 71 4 73 1
2
51 2
2
53 3
4
57 1 58 2
6
59 2 61 1 77 1
4
64 1 91 2
4
64 1 91 1
6
65 1 67 2 68 2
2
66 1
2
69 2
2
71 3
4
71 1 72 1
2
74 3
2
74 1
2
75 2
2
76 1
2
82 4
4
83 8 85 4
4
84 8 85 4
6
86 1 87 1 88 2
2
88 2
4
91 2 92 1
2
91 3
